1000, 700, 30, 1.0, grape,
-0.5, 0.0, 4.0
-0.5454019149102344, 0.001793227206659243, 3.9169892047622668
-0.5904906977186466, 0.0036366757522682722, 3.8347572292576655
-0.635180179577117, 0.005529462343128843, 3.7533411832399106
-0.6793841916375265, 0.007470703685542708, 3.6727781764627125
-0.7230165650517557, 0.009459516485811626, 3.5931053186797843
-0.765991130971685, 0.011495017450237349, 3.5143597196448373
-0.8082217205491952, 0.013576323285121636, 3.436578489111583
-0.8496221649361669, 0.015702550696766234, 3.3597987368337354
-0.8901062952844808, 0.01787281639147291, 3.2840575725650045
-0.9295879427460175, 0.020086237075543405, 3.2093921060591035
-0.9679809384726575, 0.022341929455279484, 3.135839447069744
-1.0051991136162814, 0.024639010236982898, 3.063436705350639
-1.0411562993287702, 0.0269765961269554, 2.9922209906554995
-1.075766326762004, 0.029353803831498756, 2.9222294127380373
-1.1089430270678635, 0.0317697500569147, 2.853499081351965
-1.14060023139823, 0.03422355150950501, 2.7860671062509943
-1.1706517709049835, 0.03671432489557144, 2.719970597188838
-1.1990114767400044, 0.039241186921415726, 2.655246663919208
-1.2255931800551736, 0.04180325429333963, 2.5919324161958155
-1.2503107120023724, 0.04439964371764492, 2.5300649637723733
-1.273077903733481, 0.04702947190063333, 2.4696814164025933
-1.293808586400379, 0.049691855548606625, 2.4108188838401867
-1.3124165911549484, 0.05238591136786657, 2.3535144758388675
-1.3288157491490693, 0.05511075606471491, 2.2978053021523466
-1.342919891534622, 0.057865506345453406, 2.243728472534335
-1.354642849463488, 0.06064927891638379, 2.1913210967385464
-1.363898454087547, 0.06346119048380784, 2.1406202845186924
-1.3706005365586802, 0.06630035775402732, 2.0916631456284844
-1.3746629280287679, 0.06916589743334398, 2.044486789821635
-1.37599987245775, 0.07205698647927462, 1.9991281129326874
-1.3756626989468272, 0.07513065496121414, 1.9550399991559164
-1.3747063302902505, 0.07851326054359277, 1.9116935953585668
-1.3731744747760515, 0.08217607171324808, 1.869088901540638
-1.3711108406922632, 0.08609035695701757, 1.8272259177021304
-1.3685591363269178, 0.09022738476173883, 1.7861046438430443
-1.3655630699680479, 0.09455842361424943, 1.7457250799633794
-1.362166349903686, 0.09905474200138695, 1.7060872260631355
-1.3584126844218645, 0.10368760840998886, 1.667191082142313
-1.354345781810616, 0.10842829132689281, 1.6290366482009115
-1.3500093503579729, 0.11324805923893633, 1.591623924238931
-1.3454470983519675, 0.11811818063295697, 1.554952910256372
-1.3407027340806323, 0.12300992399579226, 1.5190236062532338
-1.335819965832, 0.12789455781427977, 1.4838360122295173
-1.330842501894103, 0.13274335057525713, 1.4493901281852217
-1.3258140505549738, 0.13752757076556177, 1.4156859541203473
-1.3207783201026446, 0.1422184868720313, 1.3827234900348941
-1.3157790188251481, 0.14678736738150336, 1.350502735928862
-1.3108598550105168, 0.15120548078081542, 1.3190236918022513
-1.306064536946783, 0.15544409555680505, 1.2882863576550616
-1.3014367729219791, 0.15947448019630978, 1.258290733487293
-1.2970202712241379, 0.1632679031861672, 1.2290368192989458
-1.2928587401412917, 0.1667956330132149, 1.2005246150900197
-1.2889958879614731, 0.1700289381642904, 1.1727541208605148
-1.2854754229727143, 0.17293908712623124, 1.1457253366104312
-1.2823410534630477, 0.175497348385875, 1.1194382623397687
-1.2796364877205062, 0.17767499043005927, 1.0938928980485272
-1.2774054340331218, 0.17944328174562152, 1.0690892437367068
-1.2756916006889276, 0.18077349081939936, 1.045027299404308
-1.2745386959759555, 0.18163688613823037, 1.02170706505133
-1.2739899363371145, 0.18200513556845113, 0.9991282555143829
-1.273737252188825, 0.18213394237403324, 0.9770914702924621
-1.273492194939263, 0.18225860026757076, 0.9554255400602523
-1.2732548318060954, 0.18237909334488356, 0.9341304648177527
-1.2730252300069895, 0.18249540570179149, 0.913206244564964
-1.2728034567596123, 0.18260752143411435, 0.892652879301886
-1.2725895792816309, 0.18271542463767199, 0.8724703690285182
-1.2723836647907123, 0.18281909940828425, 0.8526587137448612
-1.2721857805045238, 0.18291852984177098, 0.8332179134509147
-1.2719959936407326, 0.18301370003395204, 0.814147968146679
-1.2718143714170052, 0.18310459408064722, 0.7954488778321538
-1.271640981051009, 0.1831911960776764, 0.7771206425073389
-1.2714758897604115, 0.1832734901208593, 0.7591632621722351
-1.2713191647628796, 0.18335146030601596, 0.7415767368268417
-1.2711708732760802, 0.18342509072896607, 0.7243610664711587
-1.2710310825176803, 0.1834943654855295, 0.7075162511051865
-1.2708998597053476, 0.1835592686715261, 0.6910422907289249
-1.2707772720567487, 0.1836197843827757, 0.6749391853423736
-1.2706633867895505, 0.18367589671509815, 0.6592069349455332
-1.2705582711214207, 0.18372758976431325, 0.6438455395384032
-1.270461992270026, 0.1837748476262409, 0.6288549991209839
-1.270374617453034, 0.1838176543967009, 0.6142353136932752
-1.2702962138881109, 0.18385599417151308, 0.599986483255277
-1.2702268487929242, 0.18388985104649727, 0.5861085078069895
-1.2701665893851417, 0.18391920911747336, 0.5726013873484125
-1.2701155028824294, 0.18394405248026116, 0.5594651218795461
-1.2700736565024553, 0.18396436523068047, 0.5466997114003904
-1.2700411174628858, 0.18398013146455117, 0.5343051559109452
-1.2700179529813886, 0.1839913352776931, 0.5222814554112106
-1.2700042302756305, 0.18399796076592606, 0.5106286099011866
-1.2700000038459287, 0.18399997116497357, 0.49934629857205853
-1.2700012252790163, 0.18399086547151303, 0.4883315417943308
-1.2700045539640008, 0.1839662500839275, 0.4775022125114583
-1.2700098785716212, 0.18392723829482838, 0.46685831072344103
-1.2700170877726162, 0.18387494339682706, 0.4563998364302791
-1.2700260702377253, 0.18381047868253486, 0.44612678963197233
-1.2700367146376865, 0.18373495744456317, 0.4360391703285211
-1.2700489096432395, 0.18364949297552335, 0.4261369785199251
-1.2700625439251225, 0.18355519856802674, 0.41642021420618425
-1.2700775061540746, 0.1834531875146847, 0.40688887738729884
-1.2700936850008346, 0.1833445731081086, 0.3975429680632686
-1.2701109691361414, 0.18323046864090983, 0.38838248623409377
-1.2701292472307342, 0.1831119874056997, 0.3794074318997743
-1.2701484079553513, 0.18299024269508965, 0.3706178050603099
-1.2701683399807318, 0.18286634780169095, 0.36201360571570096
-1.2701889319776147, 0.182741416018115, 0.3535948338659473
-1.270210072616739, 0.18261656063697318, 0.34536148951104884
-1.270231650568843, 0.1824928949508768, 0.3373135726510058
-1.2702535545046658, 0.18237153225243732, 0.32945108328581807
-1.2702756730949465, 0.18225358583426599, 0.3217740214154855
-1.2702978950104238, 0.18214016898897423, 0.3142823870400083
-1.2703201089218366, 0.1820323950091734, 0.3069761801593863
-1.2703422034999239, 0.18193137718747485, 0.2998554007736198
-1.270364067415424, 0.18183822881648992, 0.2929200488827085
-1.2703855893390765, 0.18175406318883, 0.28617012448665247
-1.2704066579416198, 0.18167999359710646, 0.2796056275854517
-1.2704271618937928, 0.18161713333393065, 0.27322655817910624
-1.2704469898663346, 0.1815665956919139, 0.26703291626761616
-1.270466030529984, 0.18152949396366763, 0.26102470185098137
-1.2704841725554796, 0.18150694144180318, 0.25520191492920175
-1.2705013114574817, 0.1815, 0.24956427033888684
-1.2705186093038512, 0.1815, 0.2440587098666391
-1.270536899654222, 0.1815, 0.23864586314181901
-1.2705560711793322, 0.1815, 0.2333257301644266
-1.270576012549922, 0.1815, 0.22809831093446192
-1.2705966124367294, 0.1815, 0.22296360545192478
-1.2706177595104937, 0.1815, 0.21792161371681534
-1.2706393424419533, 0.1815, 0.21297233572913363
-1.2706612499018475, 0.1815, 0.20811577148887944
-1.2706833705609148, 0.1815, 0.2033519209960529
-1.2707055930898945, 0.1815, 0.1986807842506541
-1.2707278061595249, 0.1815, 0.19410236125268288
-1.2707498984405454, 0.1815, 0.18961665200213929
-1.2707717586036946, 0.1815, 0.18522365649902345
-1.2707932753197115, 0.1815, 0.18092337474333517
-1.2708143372593346, 0.1815, 0.1767158067350745
-1.2708348330933033, 0.1815, 0.1726009524742415
-1.2708546514923562, 0.1815, 0.16857881196083627
-1.270873681127232, 0.1815, 0.16464938519485856
-1.27089181066867, 0.1815, 0.1608126721763085
-1.2709089287874085, 0.1815, 0.1570686729051862
-1.270924924154187, 0.1815, 0.15341738738149144
-1.2709396854397434, 0.1815, 0.14985881560522432
-1.2709531013148176, 0.1815, 0.14639295757638499
-1.270965060450148, 0.1815, 0.14301981329497318
-1.2709754515164737, 0.1815, 0.13973938276098902
-1.270984163184533, 0.1815, 0.13655166597443258
-1.2709910841250653, 0.1815, 0.13345666293530373
-1.2709961030088093, 0.1815, 0.1304543736436025
-1.270999108506504, 0.1815, 0.127544798099329
-1.2709998479480216, 0.1814998785069323, 0.12472771351858404
-1.2709813516570656, 0.18148508474277927, 0.12197584224076828
-1.2709334698984867, 0.18144673285562843, 0.11927032783666644
-1.2708583179282458, 0.18138643934635146, 0.11661117030627834
-1.270758011002305, 0.18130582071582008, 0.11399836964960405
-1.2706346643766255, 0.18120649346490597, 0.1114319258666436
-1.2704903933071694, 0.1810900740944808, 0.10891183895739703
-1.2703273130498982, 0.1809581791054163, 0.10643810892186423
-1.2701475388607728, 0.18081242499858421, 0.10401073576004526
-1.2699531859957556, 0.18065442827485614, 0.10162971947194017
-1.269746369710808, 0.18048580543510387, 0.09929506005754883
-1.2695292052618912, 0.180308172980199, 0.09700675751687134
-1.2693038079049672, 0.18012314741101335, 0.0947648118499077
-1.2690722928959974, 0.17993234522841847, 0.09256922305665784
-1.2688367754909433, 0.17973738293328617, 0.0904199911371218
-1.2685993709457666, 0.17953987702648813, 0.08831711609129965
-1.2683621945164292, 0.179341444008896, 0.08626059791919126
-1.268127361458892, 0.17914370038138153, 0.0842504366207967
-1.2678969870291172, 0.17894826264481636, 0.08228663219611597
-1.2676731864830662, 0.17875674730007224, 0.08036918464514911
-1.2674580750767006, 0.17857077084802084, 0.07849809396789603
-1.2672537680659814, 0.17839194978953388, 0.07667336016435676
-1.2670623807068713, 0.17822190062548302, 0.07489498323453136
-1.2668860282553311, 0.17806223985674, 0.07316296317841975
-1.2667268259673226, 0.17791458398417645, 0.07147729999602195
-1.2665868890988072, 0.17778054950866415, 0.06983799368733803
-1.266468332905747, 0.17766175293107472, 0.06824504425236788
-1.2663732726441028, 0.17755981075227995, 0.06669845169111158
-1.2663038235698372, 0.17747633947315142, 0.06519821600356912
-1.2662621009389108, 0.1774129555945609, 0.06374433718974046
-1.2662499999999997, 0.17737111962022709, 0.062336654845218296
-1.2662499999999997, 0.17733850701940207, 0.06096117368546451
-1.2662499999999997, 0.17730657886432571, 0.05960887096256761
-1.2662499999999997, 0.17727536521389858, 0.05827974667652761
-1.2662499999999997, 0.17724489612702113, 0.056973800827344566
-1.2662499999999997, 0.17721520166259389, 0.055691033415018396
-1.2662499999999997, 0.17718631187951736, 0.05443144443954914
-1.2662499999999997, 0.17715825683669204, 0.0531950339009368
-1.2662499999999997, 0.17713106659301844, 0.051981801799181396
-1.2662499999999997, 0.1771047712073971, 0.050791748134282874
-1.2662499999999997, 0.17707940073872847, 0.04962487290624126
-1.2662499999999997, 0.1770549852459131, 0.0484811761150566
-1.2662499999999997, 0.1770315547878515, 0.047360657760728814
-1.2662499999999997, 0.17700913942344412, 0.04626331784325794
-1.2662499999999997, 0.17698776921159154, 0.04518915636264401
-1.2662499999999997, 0.17696747421119421, 0.04413817331888696
-1.2662499999999997, 0.17694828448115266, 0.04311036871198683
-1.2662499999999997, 0.1769302300803674, 0.04210574254194363
-1.2662499999999997, 0.17691334106773898, 0.04112429480875732
-1.2662499999999997, 0.17689764750216777, 0.04016602551242792
-1.2662499999999997, 0.17688317944255444, 0.039230934652955435
-1.2662499999999997, 0.17686996694779938, 0.03831902223033988
-1.2662499999999997, 0.1768580400768032, 0.037430288244581215
-1.2662499999999997, 0.17684742888846627, 0.03656473269567947
-1.2662499999999997, 0.17683816344168923, 0.03572235558363465
-1.2662499999999997, 0.1768302737953725, 0.03490315690844673
-1.2662499999999997, 0.17682379000841664, 0.034107136670115716
-1.2662499999999997, 0.17681874213972212, 0.03333429486864163
-1.2662499999999997, 0.17681516024818944, 0.03258463150402444
-1.2662499999999997, 0.17681307439271918, 0.031858146576264165
-1.2662501804983974, 0.1768127194031556, 0.031154730921250283
-1.2662621196805133, 0.17682722672730672, 0.030467217580950404
-1.2662918434179762, 0.17686332537933816, 0.02979129345907898
-1.2663380894663374, 0.17691945674959408, 0.02912695855563603
-1.2663995955811467, 0.17699406222841851, 0.028474212870621518
-1.2664750995179552, 0.17708558320615558, 0.02783305640403546
-1.266563339032313, 0.17719246107314937, 0.027203489155877877
-1.266663051879771, 0.17731313721974398, 0.026585511126148733
-1.2667729758158797, 0.17744605303628347, 0.025979122314848044
-1.2668918485961895, 0.177589649913112, 0.025384322721975813
-1.2670184079762512, 0.1777423692405736, 0.024801112347532055
-1.2671513917116153, 0.1779026524090124, 0.024229491191516735
-1.267289537557832, 0.17806894080877247, 0.02366945925392987
-1.2674315832704524, 0.17823967583019795, 0.02312101653477148
-1.2675762666050268, 0.17841329886363289, 0.022584163034041524
-1.2677223253171057, 0.17858825129942138, 0.022058898751740028
-1.2678684971622398, 0.17876297452790757, 0.021545223687867
-1.2680135198959797, 0.17893590993943548, 0.02104313784242242
-1.2681561312738758, 0.17910549892434924, 0.020552641215406293
-1.2682950690514785, 0.17927018287299296, 0.020073733806818636
-1.2684290709843389, 0.1794284031757107, 0.01960641561665942
-1.2685568748280072, 0.17957860122284658, 0.019150686644928663
-1.268677218338034, 0.1797192184047447, 0.01870654689162636
-1.2687888392699695, 0.1798486961117491, 0.018273996356752524
-1.268890475379365, 0.17996547573420396, 0.017853035040307132
-1.2689808644217708, 0.1800679986624533, 0.0174436629422902
-1.269058744152737, 0.18015470628684124, 0.01704588006270173
-1.2691228523278146, 0.1802240399977119, 0.016659686401541706
-1.2691719267025543, 0.1802744411854093, 0.016285081958810142
-1.2692047050325064, 0.18030435124027763, 0.015922066734507044
-1.2692201518424198, 0.18031248976992656, 0.015570569437784702
-1.2692289396171865, 0.18031195599619834, 0.015226926387423267
-1.2692374678132439, 0.18031065219508055, 0.014889077946276077
-1.2692457335984086, 0.18030863403120384, 0.0145570241143431
-1.2692537341404981, 0.1803059571691987, 0.014230764891624365
-1.2692614666073292, 0.18030267727369578, 0.01391030027811986
-1.2692689281667193, 0.1802988500093256, 0.013595630273829566
-1.2692761159864858, 0.18029453104071871, 0.013286754878753517
-1.2692830272344455, 0.18028977603250576, 0.012983674092891695
-1.269289659078416, 0.1802846406493172, 0.012686387916244086
-1.2692960086862137, 0.1802791805557837, 0.012394896348810719
-1.2693020732256564, 0.18027345141653575, 0.012109199390591581
-1.2693078498645614, 0.180267508896204, 0.011829297041586657
-1.2693133357707451, 0.18026140865941895, 0.011555189301795974
-1.2693185281120252, 0.1802552063708112, 0.01128687617121952
-1.2693234240562188, 0.1802489576950113, 0.01102435764985728
-1.2693280207711433, 0.18024271829664984, 0.010767633737709281
-1.2693323154246152, 0.18023654384035737, 0.01051670443477551
-1.2693363051844524, 0.18023048999076446, 0.010271569741055956
-1.2693399872184716, 0.18022461241250168, 0.01003222965655064
-1.2693433586944902, 0.18021896677019958, 0.009798684181259551
-1.2693464167803252, 0.1802136087284888, 0.00957093331518268
-1.2693491586437937, 0.1802085939519998, 0.00934897705832005
-1.2693515814527132, 0.18020397810536326, 0.009132815410671647
-1.2693536823749005, 0.18019981685320968, 0.008922448372237459
-1.2693554585781728, 0.18019616586016962, 0.008717875943017513
-1.2693569072303477, 0.18019308079087368, 0.008519098123011793
-1.2693580254992418, 0.1801906173099524, 0.008326114912220291
-1.2693588105526727, 0.18018883108203637, 0.008138926310643026
-1.2693592595584573, 0.18018777777175615, 0.00795753231827999
-1.2693593628113968, 0.18018750080886076, 0.0077818878213916165
-1.269358844598272, 0.18018753514681923, 0.0076101231061051645
-1.2693575984220782, 0.1801876175432731, 0.007441255695425818
-1.2693556733287858, 0.18018774451918293, 0.007275285589353595
-1.269353118364365, 0.18018791259550931, 0.007112212787888486
-1.269349982574786, 0.18018811829321288, 0.006952037291030481
-1.2693463150060191, 0.18018835813325418, 0.0067947590987796
-1.2693421647040344, 0.18018862863659382, 0.0066403782111358325
-1.2693375807148024, 0.18018892632419237, 0.006488894628099171
-1.269332612084293, 0.18018924771701042, 0.006340308349669631
-1.2693273078584766, 0.18018958933600862, 0.006194619375847206
-1.2693217170833233, 0.18018994770214747, 0.006051827706631886
-1.2693158888048035, 0.1801903193363876, 0.005911933342023688
-1.2693098720688873, 0.18019070075968963, 0.005774936282022604
-1.269303715921545, 0.18019108849301413, 0.005640836526628627
-1.2692974694087469, 0.18019147905732164, 0.005509634075841771
-1.269291181576463, 0.18019186897357278, 0.005381328929662028
-1.2692849014706635, 0.18019225476272818, 0.005255921088089394
-1.2692786781373189, 0.1801926329457484, 0.005133410551123879
-1.2692725606223993, 0.180193000043594, 0.00501379731876548
-1.269266597971875, 0.18019335257722563, 0.0048970813910141865
-1.2692608392317162, 0.18019368706760383, 0.004783262767870014
-1.2692553334478929, 0.18019400003568922, 0.004672341449332955
-1.2692501296663754, 0.18019428800244236, 0.004564317435403005
-1.2692452769331344, 0.18019454748882385, 0.004459190726080175
-1.2692408242941393, 0.18019477501579428, 0.004356961321364458
-1.269236820795361, 0.18019496710431426, 0.00425762922125585
-1.2692333154827695, 0.1801951202753444, 0.0041611944257543615
-1.2692303574023351, 0.1801952310498452, 0.004067656934859987
-1.269227995600028, 0.1801952959487773, 0.003977016748572721
-1.2692262662703933, 0.18019531250000004, 0.0038892460189051932
-1.2692247676136077, 0.18019531250000004, 0.003803392066209096
-1.2692232907352041, 0.18019531250000004, 0.0037189867658165513
-1.2692218377141204, 0.18019531250000004, 0.0036360301177275683
-1.269220410629295, 0.18019531250000004, 0.0035545221219421418
-1.2692190115596662, 0.18019531250000004, 0.0034744627784602687
-1.269217642584172, 0.18019531250000004, 0.0033958520872819564
-1.26921630578175, 0.18019531250000004, 0.003318690048407197
-1.2692150032313394, 0.18019531250000004, 0.003242976661835999
-1.2692137370118781, 0.18019531250000004, 0.0031687119275683575
-1.2692125092023039, 0.18019531250000004, 0.0030958958456042693
-1.2692113218815553, 0.18019531250000004, 0.003024528415943742
-1.2692101771285702, 0.18019531250000004, 0.0029546096385867715
-1.2692090770222872, 0.18019531250000004, 0.0028861395135333545
-1.269208023641644, 0.18019531250000004, 0.002819118040783498
-1.269207019065579, 0.18019531250000004, 0.0027535452203371986
-1.2692060653730308, 0.18019531250000004, 0.0026894210521944523
-1.2692051646429372, 0.18019531250000004, 0.0026267455363552673
-1.2692043189542364, 0.18019531250000004, 0.0025655186728196387
-1.269203530385866, 0.18019531250000004, 0.002505740461587564
-1.2692028010167653, 0.18019531250000004, 0.002447410902659049
-1.269202132925872, 0.18019531250000004, 0.0023905299960340913
-1.269201528192124, 0.18019531250000004, 0.0023350977417126878
-1.2692009888944595, 0.18019531250000004, 0.002281114139694844
-1.2692005171118175, 0.18019531250000004, 0.002228579189980558
-1.2692001149231353, 0.18019531250000004, 0.002177492892569825
-1.2691997844073513, 0.18019531250000004, 0.0021278552474626525
-1.2691995276434038, 0.18019531250000004, 0.0020796662546590365
-1.269199346710231, 0.18019531250000004, 0.002032925914158975
-1.269199243686771, 0.18019531250000004, 0.001987634225962473
-1.2691992253898214, 0.18019531401341393, 0.0019437743420371628
-1.269199424974628, 0.18019536015056267, 0.0019008615681626762
-1.269199888130778, 0.1801954693623548, 0.0018586731204399704
-1.269200595723555, 0.1801956399092707, 0.0018172089988690433
-1.269201528618242, 0.18019587005179058, 0.001776469203449892
-1.2692026676801225, 0.1801961580503948, 0.001736453734182522
-1.2692039937744792, 0.18019650216556363, 0.0016971625910669281
-1.2692054877665961, 0.18019690065777733, 0.0016585957741031146
-1.2692071305217556, 0.18019735178751625, 0.0016207532832910798
-1.2692089029052418, 0.18019785381526068, 0.0015836351186308214
-1.2692107857823374, 0.1801984050014909, 0.0015472412801223435
-1.2692127600183254, 0.18019900360668717, 0.0015115717677656442
-1.2692148064784896, 0.18019964789132983, 0.0014766265815607214
-1.2692169060281133, 0.18020033611589917, 0.001442405721507579
-1.2692190395324794, 0.18020106654087548, 0.0014089091876062151
-1.2692211878568709, 0.18020183742673906, 0.001376136979856628
-1.2692233318665715, 0.18020264703397015, 0.001344089098258821
-1.2692254524268645, 0.18020349362304916, 0.0013127655428127924
-1.269227530403033, 0.18020437545445628, 0.001282166313518541
-1.2692295466603598, 0.18020529078867184, 0.0012522914103760693
-1.2692314820641286, 0.18020623788617612, 0.0012231408333853765
-1.2692333174796229, 0.18020721500744946, 0.0011947145825464602
-1.2692350337721254, 0.1802082204129721, 0.0011670126578593243
-1.2692366118069198, 0.18020925236322435, 0.0011400350593239667
-1.2692380324492887, 0.18021030911868655, 0.0011137817869403862
-1.2692392765645162, 0.18021138893983896, 0.0010882528407085855
-1.2692403250178845, 0.18021249008716186, 0.0010634482206285634
-1.269241158674678, 0.18021361082113554, 0.0010393679267003187
-1.2692417584001792, 0.18021474940224033, 0.0010160119589238533
-1.2692421050596714, 0.18021590409095653, 0.0009933803172991668
-1.2692421731391368, 0.18021708601428388, 0.0009714629765508003
-1.2692418005267931, 0.18021860116713648, 0.0009500136908503404
-1.269240949375989, 0.18022055425990482, 0.0009289265682257696
-1.2692396544771194, 0.1802229109198517, 0.000908201608677087
-1.2692379506205775, 0.18022563677424003, 0.0008878388122042948
-1.269235872596758, 0.18022869745033268, 0.0008678381788073916
-1.269233455196055, 0.18023205857539246, 0.0008481997084863769
-1.2692307332088621, 0.18023568577668223, 0.0008289234012412524
-1.269227741425574, 0.18023954468146486, 0.0008100092570720171
-1.2692245146365844, 0.1802436009170032, 0.0007914572759786701
-1.2692210876322876, 0.18024782011056012, 0.0007732674579612132
-1.2692174952030775, 0.18025216788939843, 0.0007554398030196448
-1.2692137721393484, 0.18025660988078102, 0.0007379743111539664
-1.2692099532314944, 0.18026111171197073, 0.0007208709823641773
-1.2692060732699098, 0.18026563901023043, 0.0007041298166502767
-1.2692021670449882, 0.18027015740282293, 0.000687750814012266
-1.2691982693471242, 0.18027463251701115, 0.0006717339744501447
-1.2691944149667116, 0.1802790299800579, 0.0006560792979639117
-1.2691906386941445, 0.18028331541922601, 0.000640786784553569
-1.269186975319817, 0.18028745446177838, 0.0006258564342191152
-1.2691834596341236, 0.18029141273497787, 0.0006112882469605502
-1.2691801264274578, 0.1802951558660873, 0.000597082222777875
-1.2691770104902143, 0.18029864948236957, 0.0005832383616710892
-1.2691741466127868, 0.1803018592110875, 0.0005697566636401918
-1.2691715695855692, 0.18030475067950388, 0.0005566371286851844
-1.2691693141989562, 0.18030728951488167, 0.0005438797568060663
-1.2691674152433416, 0.1803094413444837, 0.0005314845480028366
-1.26916590750912, 0.1803111717955728, 0.000519451502275497
-1.2691648257866843, 0.18031244649541184, 0.0005077806196240466
-1.2691642048664298, 0.18031323107126365, 0.0004964719000484848
-1.2691640630264585, 0.18031350884685965, 0.00048551946066147865
-1.269164074974266, 0.18031363039501216, 0.0004747983684296397
-1.2691641018550832, 0.18031374411960363, 0.00046425835773574483
-1.2691641425817095, 0.18031385043829096, 0.00045389942857979515
-1.2691641960669453, 0.18031394976873116, 0.0004437215809617901
-1.2691642612235912, 0.18031404252858116, 0.0004337248148817291
-1.2691643369644467, 0.18031412913549788, 0.0004239091303396133
-1.2691644222023126, 0.1803142100071384, 0.00041427452733544214
-1.2691645158499887, 0.18031428556115953, 0.0004048210058692151
-1.2691646168202755, 0.1803143562152183, 0.0003955485659409331
-1.269164724025973, 0.1803144223869717, 0.0003864572075505953
-1.269164836379881, 0.1803144844940766, 0.00037754693069820257
-1.2691649527948006, 0.18031454295419008, 0.0003688177353837545
-1.2691650721835313, 0.180314598184969, 0.00036026962160725057
-1.2691651934588732, 0.1803146506040704, 0.0003519025893686918
-1.2691653155336269, 0.18031470062915114, 0.0003437166386680775
-1.2691654373205925, 0.1803147486778683, 0.0003357117695054075
-1.26916555773257, 0.18031479516787868, 0.0003278879818806825
-1.2691656756823597, 0.18031484051683938, 0.00032024527579390213
-1.269165790082762, 0.1803148851424073, 0.00031278365124506603
-1.2691658998465765, 0.1803149294622394, 0.0003055031082341749
-1.2691660038866037, 0.18031497389399265, 0.00029840364676122843
-1.269166101115644, 0.18031501885532397, 0.00029148526682622617
-1.2691661904464975, 0.18031506476389042, 0.00028474796842916896
-1.2691662707919642, 0.18031511203734885, 0.0002781917515700563
-1.2691663410648444, 0.1803151610933563, 0.000271816616248888
-1.269166400177938, 0.18031521234956963, 0.0002656225624656646
-1.2691664470440456, 0.18031526622364588, 0.0002596095902203858
-1.2691664805759673, 0.18031532313324203, 0.0002537776995130514
-1.269166499686503, 0.18031538349601495, 0.00024812689034366185
-1.2691665036621298, 0.18031544773316743, 0.0002426537513337628
-1.2691664987617053, 0.18031551609734517, 0.00023729498052703856
-1.269166487896604, 0.1803155882532211, 0.00023202675048928696
-1.269166471501706, 0.18031566376591532, 0.00022684906122050766
-1.2691664500118913, 0.18031574220054783, 0.0002217619127207004
-1.2691664238620397, 0.18031582312223876, 0.0002167653049898657
-1.2691663934870312, 0.18031590609610817, 0.00021185923802800335
-1.2691663593217455, 0.18031599068727613, 0.000207043711835113
-1.269166321801063, 0.1803160764608627, 0.00020231872641119527
-1.2691662813598632, 0.18031616298198797, 0.00019768428175624981
-1.269166238433026, 0.18031624981577202, 0.00019314037787027648
-1.269166193455432, 0.1803163365273349, 0.00018868701475327563
-1.2691661468619602, 0.18031642268179668, 0.00018432419240524712
-1.269166099087491, 0.18031650784427747, 0.0001800519108261907
-1.2691660505669042, 0.18031659157989735, 0.0001758701700161068
-1.2691660017350799, 0.18031667345377633, 0.00017177896997499503
-1.2691659530268982, 0.18031675303103456, 0.00016777831070285574
-1.2691659048772383, 0.18031682987679207, 0.00016386819219968882
-1.2691658577209808, 0.18031690355616892, 0.00016004861446549396
-1.2691658119930056, 0.1803169736342852, 0.00015631957750027165
-1.2691657681281923, 0.18031703967626103, 0.00015268108130402162
-1.269165726561421, 0.1803171012472164, 0.00014913312587674373
-1.2691656877275714, 0.1803171579122714, 0.0001456757112184383
-1.2691656520615238, 0.1803172092365462, 0.0001423088373291052
-1.2691656199981578, 0.18031725478516075, 0.00013903250420874426
-1.2691655919723537, 0.18031729412323516, 0.0001358467118573558
-1.2691655684189909, 0.18031732681588958, 0.00013275146027493965
-1.26916554977295, 0.180317352428244, 0.00012974674946149563
-1.2691655364691101, 0.18031737052541852, 0.0001268325794170241
-1.2691655289423518, 0.1803173806725332, 0.00012400895014152486
-1.2691655284292025, 0.1803173817970767, 0.0001212739035733851
-1.2691655478877437, 0.18031736359392528, 0.0001185954058246209
-1.2691655904263643, 0.18031732379973164, 0.00011596217846034286
-1.269165654359905, 0.1803172639909355, 0.00011337422148055083
-1.269165738003206, 0.18031718574397662, 0.0001108315348852451
-1.2691658396711074, 0.18031709063529472, 0.00010833411867442553
-1.2691659576784495, 0.18031698024132953, 0.00010588197284809199
-1.2691660903400726, 0.18031685613852075, 0.00010347509740624473
-1.2691662359708171, 0.18031671990330814, 0.0001011134923488836
-1.2691663928855232, 0.18031657311213145, 9.879715767600854e-05
-1.2691665593990311, 0.18031641734143042, 9.652609338761974e-05
-1.2691667338261814, 0.18031625416764474, 9.430029948371711e-05
-1.269166914481814, 0.1803160851672142, 9.21197759643005e-05
-1.2691670996807696, 0.18031591191657845, 8.998452282937017e-05
-1.269167287737888, 0.1803157359921773, 8.789454007892587e-05
-1.26916747696801, 0.18031555897045043, 8.584982771296787e-05
-1.2691676656859754, 0.1803153824278376, 8.3850385731496e-05
-1.2691678522066248, 0.18031520794077857, 8.189621413451019e-05
-1.2691680348447982, 0.18031503708571303, 7.998731292201063e-05
-1.269168211915336, 0.1803148714390807, 7.812368209399723e-05
-1.269168381733079, 0.18031471257732135, 7.63053216504699e-05
-1.2691685426128667, 0.1803145620768747, 7.45322315914288e-05
-1.2691686928695398, 0.1803144215141805, 7.280441191687388e-05
-1.2691688308179385, 0.18031429246567846, 7.1121862626805e-05
-1.2691689547729033, 0.18031417650780832, 6.948458372122239e-05
-1.269169063049274, 0.1803140752170098, 6.789257520012593e-05
-1.2691691539618914, 0.18031399016972266, 6.634583706351554e-05
-1.2691692258255955, 0.18031392294238663, 6.484436931139138e-05
-1.2691692769552265, 0.1803138751114414, 6.338817194375337e-05
-1.269169305665625, 0.18031384825332675, 6.197724496060145e-05
-1.269169311014794, 0.18031384293272293, 6.06104744424406e-05
-1.2691693027745743, 0.18031384550398602, 5.927166939535724e-05
-1.2691692849143525, 0.18031385104906036, 5.79554995405171e-05
-1.2691692580261085, 0.18031385935050603, 5.666196487792005e-05
-1.269169222701823, 0.18031387019088302, 5.539106540756607e-05
-1.2691691795334759, 0.18031388335275136, 5.414280112945516e-05
-1.2691691291130478, 0.18031389861867114, 5.291717204358721e-05
-1.2691690720325188, 0.18031391577120234, 5.171417814996246e-05
-1.2691690088838696, 0.18031393459290504, 5.0533819448580794e-05
-1.2691689402590798, 0.18031395486633925, 4.9376095939442205e-05
-1.2691688667501304, 0.18031397637406504, 4.8241007622546685e-05
-1.2691687889490013, 0.18031399889864236, 4.712855449789425e-05
-1.2691687074476727, 0.18031402222263138, 4.6038736565484774e-05
-1.2691686228381254, 0.18031404612859203, 4.497155382531849e-05
-1.2691685357123395, 0.18031407039908437, 4.392700627739529e-05
-1.2691684466622948, 0.18031409481666846, 4.290509392171516e-05
-1.2691683562799723, 0.18031411916390436, 4.1905816758278116e-05
-1.2691682651573517, 0.18031414322335204, 4.092917478708414e-05
-1.269168173886414, 0.18031416677757156, 3.9975168008133145e-05
-1.2691680830591388, 0.180314189609123, 3.9043796421425335e-05
-1.2691679932675068, 0.18031421150056634, 3.8135060026960595e-05
-1.269167905103498, 0.18031423223446166, 3.724895882473894e-05
-1.2691678191590932, 0.18031425159336897, 3.638549281476035e-05
-1.269167736026272, 0.1803142693598483, 3.554466199702485e-05
-1.2691676562970153, 0.1803142853164597, 3.4726466371532334e-05
-1.2691675805633034, 0.18031429924576323, 3.3930905938282984e-05
-1.2691675094171162, 0.1803143109303189, 3.315798069727671e-05
-1.2691674434504343, 0.18031432015268678, 3.240769064851352e-05
-1.2691673832552377, 0.18031432669542682, 3.16800357919934e-05
-1.269167329423507, 0.18031433034109914, 3.0975016127716364e-05
-1.2691672822494395, 0.18031433105468753, 3.0292002900342246e-05
-1.269167238238953, 0.18031433105468753, 2.962282229045008e-05
-1.2691671961213724, 0.18031433105468753, 2.8964959276679456e-05
-1.269167155763433, 0.18031433105468753, 2.8318413859030368e-05
-1.2691671170318695, 0.18031433105468753, 2.768318603750282e-05
-1.269167079793417, 0.18031433105468753, 2.7059275812096743e-05
-1.2691670439148102, 0.18031433105468753, 2.6446683182812274e-05
-1.269167009262784, 0.18031433105468753, 2.5845408149649343e-05
-1.2691669757040733, 0.18031433105468753, 2.525545071260795e-05
-1.2691669431054124, 0.18031433105468753, 2.4676810871688092e-05
-1.269166911333537, 0.18031433105468753, 2.410948862688978e-05
-1.2691668802551814, 0.18031433105468753, 2.3553483978212944e-05
-1.2691668497370807, 0.18031433105468753, 2.3008796925657705e-05
-1.2691668196459696, 0.18031433105468753, 2.2475427469224007e-05
-1.2691667898485826, 0.18031433105468753, 2.1953375608911847e-05
-1.2691667602116554, 0.18031433105468753, 2.1442641344721226e-05
-1.2691667306019223, 0.18031433105468753, 2.0943224676652143e-05
-1.2691667008861183, 0.18031433105468753, 2.0455125604704548e-05
-1.269166670930978, 0.18031433105468753, 1.9978344128878545e-05
-1.2691666406032365, 0.18031433105468753, 1.9512880249174077e-05
-1.2691666097696286, 0.18031433105468753, 1.905873396559115e-05
-1.269166578296889, 0.18031433105468753, 1.8615905278129763e-05
-1.269166546051753, 0.18031433105468753, 1.8184394186789913e-05
-1.2691665129009548, 0.18031433105468753, 1.7764200691571558e-05
-1.2691664787112298, 0.18031433105468753, 1.7355324792474788e-05
-1.2691664433493126, 0.18031433105468753, 1.6957766489499557e-05
-1.2691664066819381, 0.18031433105468753, 1.657152578264586e-05
-1.269166368575841, 0.18031433105468753, 1.6196602671913706e-05
-1.2691663288977564, 0.18031433105468753, 1.583299715730309e-05
-1.269166287514419, 0.18031433105468753, 1.5480709238813974e-05
-1.269166244352967, 0.18031433100524133, 1.5139386465356147e-05
-1.2691662000261839, 0.18031433033479652, 1.4804907117234785e-05
-1.2691661547247604, 0.18031432889756924, 1.4476086567174193e-05
-1.2691661084454358, 0.1803143267155008, 1.415292481517437e-05
-1.2691660611849496, 0.18031432381053267, 1.3835421861235283e-05
-1.2691660129400415, 0.1803143202046062, 1.3523577705356998e-05
-1.2691659637074506, 0.1803143159196628, 1.3217392347539485e-05
-1.2691659134839168, 0.18031431097764386, 1.291686578778274e-05
-1.2691658622661792, 0.18031430540049073, 1.2621998026086765e-05
-1.269165810050977, 0.18031429921014488, 1.2332789062451558e-05
-1.2691657568350505, 0.18031429242854766, 1.2049238896877091e-05
-1.2691657026151386, 0.18031428507764044, 1.1771347529363424e-05
-1.2691656473879807, 0.18031427717936466, 1.1499114959910528e-05
-1.2691655911503164, 0.1803142687556617, 1.1232541188518397e-05
-1.2691655338988852, 0.18031425982847293, 1.0971626215187038e-05
-1.2691654756304267, 0.18031425041973975, 1.071637003991645e-05
-1.26916541634168, 0.1803142405514036, 1.0466772662706604e-05
-1.2691653560293847, 0.1803142302454058, 1.0222834083557552e-05
-1.26916529469028, 0.18031421952368779, 9.98455430246927e-06
-1.2691652323211062, 0.18031420840819096, 9.75193331944176e-06
-1.2691651689186019, 0.18031419692085665, 9.524971134475017e-06
-1.2691651044795071, 0.18031418508362634, 9.303667747569043e-06
-1.2691650390005609, 0.18031417291844135, 9.088023158723816e-06
-1.2691649724785026, 0.18031416044724313, 8.878037367939382e-06
-1.2691649049100722, 0.18031414769197304, 8.673710375215718e-06
-1.2691648362920092, 0.18031413467457247, 8.475042180552822e-06
-1.2691647666210524, 0.1803141214169828, 8.282032783950698e-06
-1.2691646958939415, 0.18031410794114547, 8.094682185409339e-06
-1.2691646241074164, 0.18031409426900186, 7.912990384928734e-06
-1.269164551258216, 0.1803140804224933, 7.736957382508915e-06
-1.2691644767254862, 0.18031406605374833, 7.566386828082592e-06
-1.269164394237322, 0.18031404739293494, 7.399202632434272e-06
-1.269164302816608, 0.18031402376537334, 7.234847835816335e-06
-1.2691642032927064, 0.18031399557012734, 7.073322438228785e-06
-1.2691640964949806, 0.18031396320626078, 6.914626439671602e-06
-1.2691639832527926, 0.18031392707283742, 6.75875984014482e-06
-1.2691638643955059, 0.18031388756892117, 6.605722639648424e-06
-1.2691637407524827, 0.18031384509357581, 6.455514838182412e-06
-1.2691636131530863, 0.18031380004586522, 6.308136435746784e-06
-1.269163482426679, 0.18031375282485318, 6.163587432341526e-06
-1.2691633494026242, 0.18031370382960352, 6.021867827966669e-06
-1.2691632149102838, 0.18031365345918007, 5.8829776226221954e-06
-1.2691630797790212, 0.18031360211264674, 5.7469168163081065e-06
-1.2691629448381991, 0.18031355018906725, 5.613685409024404e-06
-1.26916281091718, 0.1803134980875055, 5.483283400771084e-06
-1.2691626788453272, 0.18031344620702525, 5.355710791548136e-06
-1.2691625494520027, 0.18031339494669038, 5.2309675813555866e-06
-1.2691624235665697, 0.18031334470556476, 5.109053770193422e-06
-1.269162302018391, 0.18031329588271208, 4.989969358061642e-06
-1.2691621856368296, 0.18031324887719632, 4.8737143449602465e-06
-1.269162075251248, 0.18031320408808124, 4.760288730889236e-06
-1.269161971691009, 0.18031316191443067, 4.649692515848598e-06
-1.269161875785475, 0.18031312275530845, 4.541925699838357e-06
-1.2691617883640092, 0.18031308700977838, 4.4369882828585e-06
-1.2691617102559747, 0.18031305507690432, 4.334880264909028e-06
-1.2691616422907337, 0.1803130273557501, 4.235601645989941e-06
-1.2691615852976492, 0.18031300424537955, 4.139152426101238e-06
-1.2691615401060838, 0.18031298614485647, 4.04553260524291e-06
-1.2691615075454004, 0.1803129734532447, 3.954742183414977e-06
-1.2691614884449618, 0.18031296656960813, 3.866781160617429e-06
-1.2691614825115762, 0.1803129654163693, 3.7815407556495585e-06
-1.2691614795209396, 0.18031296568154118, 3.697976397031579e-06
-1.2691614768084851, 0.18031296622946208, 3.615826737928791e-06
-1.269161474354286, 0.18031296704403565, 3.5350917783411873e-06
-1.269161472138415, 0.1803129681091655, 3.4557715182687846e-06
-1.2691614701409446, 0.18031296940875532, 3.377865957711574e-06
-1.2691614683419485, 0.18031297092670873, 3.301375096669556e-06
-1.2691614667214983, 0.1803129726469294, 3.2262989351427305e-06
-1.2691614652596677, 0.18031297455332096, 3.152637473131097e-06
-1.2691614639365292, 0.18031297662978704, 3.080390710634648e-06
-1.2691614627321555, 0.18031297886023137, 3.009558647653399e-06
-1.2691614616266194, 0.18031298122855752, 2.9401412841873432e-06
-1.2691614605999944, 0.1803129837186692, 2.8721386202364792e-06
-1.2691614596323522, 0.18031298631447001, 2.805550655800807e-06
-1.2691614587037665, 0.18031298899986362, 2.740377390880321e-06
-1.2691614577943096, 0.1803129917587537, 2.6766188254750346e-06
-1.2691614568840548, 0.18031299457504388, 2.61427495958494e-06
-1.2691614559530744, 0.18031299743263782, 2.5533457932100372e-06
-1.2691614549814416, 0.18031300031543912, 2.493831326350328e-06
-1.269161453949229, 0.18031300320735152, 2.4357315590058103e-06
-1.2691614528365096, 0.18031300609227863, 2.379046491176479e-06
-1.2691614516233558, 0.18031300895412405, 2.323776122862346e-06
-1.269161450289841, 0.1803130117767915, 2.269920454063406e-06
-1.2691614488160374, 0.1803130145441846, 2.217479484779658e-06
-1.2691614471820185, 0.180313017240207, 2.1664532150111018e-06
-1.2691614453678568, 0.18031301984876238, 2.116841644757739e-06
-1.2691614433536247, 0.18031302235375435, 2.0686447740195626e-06
-1.2691614411193959, 0.18031302473908659, 2.0218626027965842e-06
-1.2691614386452421, 0.1803130269886627, 1.9764951310887977e-06
-1.2691614359112373, 0.18031302908638638, 1.932542358896204e-06
-1.269161432643874, 0.1803130310362834, 1.8899443205819126e-06
-1.2691614266853841, 0.18031303300138654, 1.8481760108760126e-06
-1.2691614177317125, 0.1803130350150562, 1.8071150509277046e-06
-1.2691614060105953, 0.18031303707010074, 1.7667614407369973e-06
-1.26916139174977, 0.1803130391593286, 1.727115180303886e-06
-1.2691613751769724, 0.1803130412755481, 1.6881762696283707e-06
-1.2691613565199389, 0.18031304341156768, 1.649944708710452e-06
-1.2691613360064065, 0.1803130455601957, 1.612420497550129e-06
-1.2691613138641118, 0.1803130477142406, 1.5756036361473986e-06
-1.269161290320791, 0.18031304986651064, 1.5394941245022682e-06
-1.2691612656041806, 0.18031305200981435, 1.504091962614734e-06
-1.2691612399420176, 0.18031305413696003, 1.4693971504847958e-06
-1.2691612135620376, 0.18031305624075614, 1.435409688112454e-06
-1.269161186691978, 0.18031305831401095, 1.4021295754977048e-06
-1.2691611595595753, 0.18031306034953296, 1.3695568126405553e-06
-1.2691611323925656, 0.1803130623401305, 1.337691399541002e-06
-1.2691611054186855, 0.18031306427861196, 1.3065333361990448e-06
-1.269161078865672, 0.18031306615778572, 1.2760826226146838e-06
-1.269161052961261, 0.1803130679704602, 1.2463392587879189e-06
-1.269161027933189, 0.1803130697094438, 1.2173032447187472e-06
-1.2691610040091932, 0.18031307136754485, 1.188974580407175e-06
-1.26916098141701, 0.18031307293757176, 1.1613532658531987e-06
-1.2691609603843752, 0.18031307441233294, 1.1344393010568184e-06
-1.269160941139026, 0.18031307578463673, 1.1082326860180346e-06
-1.2691609239086987, 0.18031307704729152, 1.0827334207368468e-06
-1.2691609089211302, 0.18031307819310577, 1.0579415052132526e-06
-1.2691608964040562, 0.1803130792148878, 1.0338569394472573e-06
-1.2691608865852142, 0.180313080105446, 1.010479723438858e-06
-1.26916087969234, 0.18031308085758876, 9.87809857188055e-07
-1.2691608759531705, 0.18031308146412448, 9.658473406948481e-07
-1.2691608752664565, 0.18031308193178466, 9.445592676460237e-07
-1.2691608751467653, 0.18031308236721244, 9.236820475946167e-07
-1.2691608750343812, 0.18031308279379835, 9.031585024220099e-07
-1.269160874928943, 0.18031308321110398, 8.829886321282012e-07
-1.2691608748300898, 0.18031308361869097, 8.631724367131906e-07
-1.2691608747374608, 0.18031308401612087, 8.437099161769782e-07
-1.2691608746506942, 0.18031308440295538, 8.246010705195637e-07
-1.2691608745694294, 0.18031308477875604, 8.058458997409455e-07
-1.269160874493305, 0.18031308514308456, 7.874444038411272e-07
-1.2691608744219598, 0.18031308549550246, 7.69396582820107e-07
-1.269160874355033, 0.18031308583557137, 7.51702436677885e-07
-1.2691608742921632, 0.18031308616285296, 7.343619654144611e-07
-1.2691608742329894, 0.18031308647690875, 7.173751690298334e-07
-1.2691608741771505, 0.18031308677730043, 7.007420475240056e-07
-1.2691608741242852, 0.1803130870635896, 6.84462600896976e-07
-1.2691608740740323, 0.18031308733533785, 6.685368291487443e-07
-1.269160874026031, 0.18031308759210676, 6.529647322793107e-07
-1.2691608739799198, 0.180313087833458, 6.377463102886754e-07
-1.2691608739353384, 0.18031308805895324, 6.228815631768365e-07
-1.2691608738919247, 0.18031308826815395, 6.083704909437972e-07
-1.2691608738493179, 0.18031308846062183, 5.94213093589556e-07
-1.269160873807157, 0.18031308863591847, 5.80409371114113e-07
-1.2691608737650806, 0.18031308879360552, 5.66959323517468e-07
-1.2691608737227278, 0.18031308893324455, 5.53862950799621e-07
-1.2691608736797373, 0.18031308905439716, 5.411202529605708e-07
-1.2691608736357483, 0.18031308915662503, 5.287312300003202e-07
-1.2691608735903994, 0.18031308923948972, 5.166958819188675e-07
-1.2691608735433295, 0.18031308930255283, 5.05014208716213e-07
-1.2691608734941775, 0.180313089345376, 4.936862103923566e-07
-1.2691608734425819, 0.18031308936752086, 4.827118869472982e-07
-1.2691608733886648, 0.18031308936624132, 4.7207325548879494e-07
-1.2691608733356934, 0.18031308932533088, 4.61638112863865e-07
-1.2691608732842456, 0.18031308924417086, 4.513798076783342e-07
-1.2691608732341961, 0.18031308912573416, 4.412983399322024e-07
-1.2691608731854203, 0.1803130889729935, 4.313937096254696e-07
-1.2691608731377928, 0.18031308878892174, 4.216659167581359e-07
-1.269160873091188, 0.1803130885764917, 4.1211496133020023e-07
-1.2691608730454815, 0.18031308833867618, 4.0274084334166456e-07
-1.269160873000548, 0.18031308807844798, 3.9354356279252804e-07
-1.2691608729562622, 0.18031308779877991, 3.8452311968279044e-07
-1.269160872912499, 0.1803130875026448, 3.7567951401245194e-07
-1.269160872869133, 0.18031308719301545, 3.670127457815125e-07
-1.2691608728260395, 0.1803130868728647, 3.585228149899712e-07
-1.2691608727830932, 0.1803130865451653, 3.5020972163782984e-07
-1.269160872740169, 0.18031308621289013, 3.420734657250875e-07
-1.269160872697142, 0.180313085879012, 3.3411404725174426e-07
-1.2691608726538863, 0.18031308554650366, 3.263314662178e-07
-1.2691608726102774, 0.18031308521833794, 3.1872572262325403e-07
-1.2691608725661905, 0.18031308489748768, 3.1129681646810787e-07
-1.2691608725214998, 0.1803130845869257, 3.040447477523608e-07
-1.2691608724760803, 0.18031308428962478, 2.9696951647601275e-07
-1.269160872429807, 0.18031308400855778, 2.900711226390637e-07
-1.2691608723825547, 0.1803130837466974, 2.833495662415138e-07
-1.2691608723341985, 0.1803130835070166, 2.7680484728336216e-07
-1.2691608722846128, 0.18031308329248807, 2.7043696576461027e-07
-1.2691608722336727, 0.18031308310608474, 2.642459216852574e-07
-1.2691608721812533, 0.1803130829507793, 2.582317150453037e-07
-1.2691608721272292, 0.1803130828295446, 2.5239434584474896e-07
-1.2691608720714755, 0.18031308274535354, 2.467338140835932e-07
-1.269160872013867, 0.18031308270117882, 2.4125011976183597e-07
-1.2691608719536374, 0.1803130827011107, 2.359334725714148e-07
-1.2691608718866103, 0.180313082753271, 2.307176349593361e-07
-1.2691608718126013, 0.18031308285567033, 2.2559021606695694e-07
-1.2691608717322742, 0.18031308300459276, 2.205512158942773e-07
-1.2691608716462923, 0.1803130831963222, 2.1560063444129717e-07
-1.2691608715553195, 0.18031308342714264, 2.1073847170801605e-07
-1.2691608714600187, 0.18031308369333815, 2.05964727694435e-07
-1.2691608713610545, 0.18031308399119259, 2.0127940240055345e-07
-1.2691608712590894, 0.18031308431699003, 1.9668249582637141e-07
-1.2691608711547877, 0.18031308466701443, 1.9217400797188892e-07
-1.269160871048813, 0.18031308503754978, 1.8775393883710592e-07
-1.2691608709418283, 0.18031308542488006, 1.8342228842202202e-07
-1.2691608708344975, 0.18031308582528924, 1.7917905672663805e-07
-1.2691608707274842, 0.18031308623506132, 1.7502424375095366e-07
-1.269160870621452, 0.1803130866504803, 1.7095784949496875e-07
-1.2691608705170645, 0.18031308706783014, 1.6697987395868337e-07
-1.269160870414985, 0.18031308748339483, 1.6309031714209753e-07
-1.2691608703158774, 0.18031308789345837, 1.592891790452108e-07
-1.2691608702204051, 0.18031308829430473, 1.55576459668024e-07
-1.2691608701292316, 0.18031308868221793, 1.519521590105367e-07
-1.2691608700430208, 0.1803130890534819, 1.4841627707274896e-07
-1.269160869962436, 0.18031308940438065, 1.449688138546607e-07
-1.269160869888141, 0.18031308973119817, 1.4160976935627163e-07
-1.269160869820799, 0.18031309003021845, 1.3833914357758244e-07
-1.269160869761074, 0.18031309029772544, 1.351569365185928e-07
-1.269160869709629, 0.18031309053000316, 1.3206314817930262e-07
-1.2691608696671284, 0.1803130907233356, 1.29057778559712e-07
-1.2691608696342351, 0.1803130908740067, 1.261408276598209e-07
-1.2691608696116126, 0.1803130909783005, 1.2331229547962902e-07
-1.2691608695999252, 0.18031309103250098, 1.2057218201913696e-07
-1.269160869599281, 0.18031309103890109, 1.1791517569627865e-07
-1.2691608696064665, 0.18031309103282325, 1.1530812374043245e-07
-1.269160869620471, 0.18031309102101212, 1.12745281144436e-07
-1.269160869640836, 0.18031309100389242, 1.102266479082893e-07
-1.2691608696671028, 0.1803130909818888, 1.0775222403199212e-07
-1.2691608696988121, 0.18031309095542594, 1.0532200951554496e-07
-1.2691608697355055, 0.1803130909249286, 1.0293600435894755e-07
-1.269160869776724, 0.18031309089082137, 1.0059420856219991e-07
-1.269160869822009, 0.18031309085352903, 9.829662212530204e-08
-1.2691608698709014, 0.1803130908134762, 9.60432450482539e-08
-1.2691608699229426, 0.1803130907710876, 9.383407733105532e-08
-1.2691608699776737, 0.1803130907267879, 9.166911897370673e-08
-1.269160870034636, 0.18031309068100174, 8.954836997620788e-08
-1.2691608700933703, 0.18031309063415393, 8.74718303385588e-08
-1.2691608701534183, 0.18031309058666906, 8.54395000607595e-08
-1.269160870214321, 0.18031309053897185, 8.345137914280994e-08
-1.2691608702756194, 0.180313090491487, 8.150746758470994e-08
-1.2691608703368549, 0.18031309044463917, 7.960776538645991e-08
-1.2691608703975685, 0.18031309039885307, 7.775227254805965e-08
-1.2691608704573016, 0.18031309035455334, 7.594098906950913e-08
-1.2691608705155952, 0.18031309031216475, 7.417391495080837e-08
-1.2691608705719906, 0.1803130902721119, 7.24510501919572e-08
-1.269160870626029, 0.18031309023481953, 7.077239479295599e-08
-1.2691608706772515, 0.18031309020071232, 6.913794875380452e-08
-1.2691608707251993, 0.18031309017021496, 6.754771207450281e-08
-1.2691608707694135, 0.18031309014375213, 6.600168475505088e-08
-1.2691608708094357, 0.1803130901217485, 6.44998667954487e-08
-1.2691608708448068, 0.1803130901046288, 6.304225819569612e-08
-1.2691608708750677, 0.18031309009281768, 6.162885895579346e-08
-1.26916087089976, 0.18031309008673985, 6.025966907574058e-08
-1.2691608709192317, 0.18031309008669896, 5.893181605195627e-08
-1.2691608709378432, 0.18031309009211902, 5.762872349912972e-08
-1.2691608709562896, 0.18031309010254842, 5.634773562622807e-08
-1.2691608709745366, 0.1803130901176155, 5.508885243325116e-08
-1.26916087099255, 0.18031309013694874, 5.385207392019926e-08
-1.269160871010296, 0.18031309016017652, 5.2637400087072246e-08
-1.2691608710277402, 0.18031309018692723, 5.144483093387011e-08
-1.2691608710448485, 0.18031309021682926, 5.0274366460592854e-08
-1.269160871061587, 0.180313090249511, 4.9126006667240484e-08
-1.2691608710779214, 0.18031309028460088, 4.799975155381287e-08
-1.2691608710938176, 0.1803130903217273, 4.689560112031026e-08
-1.2691608711092413, 0.1803130903605186, 4.581355536673252e-08
-1.2691608711241584, 0.18031309040060323, 4.4753614293079674e-08
-1.2691608711385354, 0.1803130904416096, 4.37157778993517e-08
-1.2691608711523372, 0.18031309048316604, 4.27000461855486e-08
-1.2691608711655302, 0.18031309052490105, 4.170641915167029e-08
-1.2691608711780806, 0.18031309056644296, 4.073489679771696e-08
-1.2691608711899534, 0.18031309060742015, 3.9785479123688515e-08
-1.2691608712011153, 0.18031309064746107, 3.885816612958494e-08
-1.2691608712115319, 0.1803130906861941, 3.795295781540626e-08
-1.2691608712211686, 0.18031309072324764, 3.7069854181152356e-08
-1.269160871229992, 0.18031309075825008, 3.6208855226823426e-08
-1.2691608712379678, 0.18031309079082983, 3.5369960952419376e-08
-1.2691608712450613, 0.18031309082061525, 3.455317135794022e-08
-1.2691608712512392, 0.1803130908472348, 3.375848644338593e-08
-1.2691608712564666, 0.18031309087031683, 3.298590620875652e-08
-1.26916087126071, 0.1803130908894898, 3.223543065405192e-08
-1.2691608712639353, 0.18031309090438202, 3.150705977927228e-08
-1.2691608712661075, 0.180313090914622, 3.080079358441752e-08
-1.2691608712671936, 0.180313090919838, 3.011663206948763e-08
-1.2691608712672378, 0.18031309092039324, 2.9453026377152257e-08
-1.269160871266644, 0.1803130909199988, 2.8801696813287268e-08
-1.2691608712654783, 0.1803130909192471, 2.8161419589384653e-08
-1.2691608712637459, 0.18031309091816464, 2.7532194705444548e-08
-1.2691608712614508, 0.18031309091677802, 2.6914022161466885e-08
-1.2691608712585987, 0.1803130909151137, 2.630690195745166e-08
-1.2691608712551943, 0.18031309091319825, 2.5710834093398876e-08
-1.2691608712512426, 0.18031309091105824, 2.512581856930853e-08
-1.269160871246748, 0.18031309090872022, 2.4551855385180567e-08
-1.2691608712417157, 0.18031309090621067, 2.3988944541015103e-08
-1.2691608712361508, 0.1803130909035562, 2.343708603681208e-08
-1.269160871230058, 0.18031309090078335, 2.2896279872571495e-08
-1.2691608712234421, 0.1803130908979186, 2.236652604829335e-08
-1.269160871216308, 0.18031309089498854, 2.1847824563977653e-08
-1.2691608712086608, 0.18031309089201975, 2.1340175419624335e-08
-1.2691608712005054, 0.18031309088903869, 2.0843578615233513e-08
-1.2691608711918465, 0.18031309088607192, 2.0358034150805127e-08
-1.2691608711826892, 0.18031309088314604, 1.988354202633919e-08
-1.269160871173038, 0.18031309088028755, 1.9420102241835686e-08
-1.2691608711628983, 0.180313090877523, 1.8967714797294626e-08
-1.2691608711522746, 0.18031309087487893, 1.8526379692715957e-08
-1.2691608711411724, 0.1803130908723819, 1.809609692809978e-08
-1.2691608711295956, 0.18031309087005842, 1.7676866503446037e-08
-1.2691608711175502, 0.1803130908679351, 1.7268688418754736e-08
-1.2691608711050402, 0.18031309086603836, 1.687156267402588e-08
-1.269160871092071, 0.18031309086439487, 1.6485489269259418e-08
-1.2691608710786473, 0.18031309086303113, 1.611046820445544e-08
-1.2691608710647737, 0.18031309086197364, 1.5746499479613902e-08
-1.2691608710504558, 0.18031309086124903, 1.5393583094734803e-08
-1.2691608710356983, 0.18031309086088376, 1.5051719049818145e-08
-1.2691608710159712, 0.18031309086375943, 1.4720074488796013e-08
-1.2691608709696243, 0.18031309088359426, 1.4394518063137628e-08
-1.2691608708956221, 0.18031309092120373, 1.4074487807460498e-08
-1.2691608707960598, 0.18031309097543716, 1.3759983721764586e-08
-1.2691608706730326, 0.18031309104514376, 1.3451005806049894e-08
-1.269160870528635, 0.18031309112917274, 1.3147554060316425e-08
-1.2691608703649633, 0.18031309122637335, 1.2849628484564173e-08
-1.2691608701841122, 0.1803130913355949, 1.2557229078793112e-08
-1.2691608699881762, 0.18031309145568652, 1.2270355843003303e-08
-1.2691608697792516, 0.18031309158549755, 1.1989008777194712e-08
-1.2691608695594325, 0.18031309172387716, 1.171318788136734e-08
-1.2691608693308145, 0.18031309186967462, 1.1442893155521193e-08
-1.2691608690954932, 0.1803130920217392, 1.1178124599656261e-08
-1.269160868855563, 0.18031309217892005, 1.0918882213772525e-08
-1.2691608686131193, 0.18031309234006648, 1.0665165997870035e-08
-1.269160868370257, 0.18031309250402774, 1.0416975951948766e-08
-1.269160868129072, 0.180313092669653, 1.0174312076008716e-08
-1.269160867891659, 0.18031309283579158, 9.937174370049885e-09
-1.2691608676601134, 0.18031309300129267, 9.705562834072278e-09
-1.26916086743653, 0.18031309316500552, 9.479477468075864e-09
-1.269160867223004, 0.18031309332577938, 9.258918272060695e-09
-1.2691608670216303, 0.18031309348246344, 9.043885246026746e-09
-1.2691608668345047, 0.18031309363390705, 8.83437838997402e-09
-1.2691608666637224, 0.18031309377895932, 8.63039770390251e-09
-1.2691608665113778, 0.18031309391646957, 8.43194318781222e-09
-1.2691608663795664, 0.18031309404528703, 8.239014841703133e-09
-1.2691608662703835, 0.18031309416426092, 8.051612665575286e-09
-1.2691608661859242, 0.18031309427224052, 7.869736659428658e-09
-1.2691608661282838, 0.18031309436807502, 7.69338682326325e-09
-1.269160866099557, 0.18031309445061366, 7.522563157079062e-09
-1.2691608660967666, 0.18031309452081692, 7.356818956824347e-09
-1.2691608660977378, 0.18031309458776867, 7.1940949221322416e-09
-1.2691608660995553, 0.1803130946527195, 7.034133972430747e-09
-1.2691608661021556, 0.1803130947157429, 6.876936107719863e-09
-1.2691608661054758, 0.18031309477691249, 6.722501327999587e-09
-1.2691608661094531, 0.1803130948363017, 6.570829633269922e-09
-1.2691608661140243, 0.18031309489398412, 6.421921023530852e-09
-1.2691608661191267, 0.1803130949500333, 6.275775498782408e-09
-1.2691608661246967, 0.18031309500452275, 6.132393059024573e-09
-1.2691608661306715, 0.180313095057526, 5.9917737042573495e-09
-1.269160866136988, 0.18031309510911656, 5.853917434480735e-09
-1.2691608661435834, 0.18031309515936803, 5.718824249694731e-09
-1.2691608661503944, 0.1803130952083539, 5.586494149899322e-09
-1.2691608661573581, 0.1803130952561477, 5.456927135094538e-09
-1.2691608661644114, 0.18031309530282297, 5.3301232052803645e-09
-1.2691608661714913, 0.18031309534845325, 5.2060823604568e-09
-1.2691608661785345, 0.1803130953931121, 5.084804600623847e-09
-1.2691608661854785, 0.18031309543687302, 4.966289925781503e-09
-1.2691608661922598, 0.18031309547980953, 4.850538335929756e-09
-1.2691608661988156, 0.18031309552199518, 4.737549831068633e-09
-1.2691608662050826, 0.18031309556350353, 4.6273244111981195e-09
-1.269160866210998, 0.18031309560440809, 4.519862076318216e-09
-1.269160866216499, 0.1803130956447824, 4.415162826428922e-09
-1.269160866221522, 0.1803130956847, 4.313226661530239e-09
-1.2691608662260043, 0.18031309572423437, 4.2140535816221555e-09
-1.2691608662298828, 0.18031309576345914, 4.117643586704692e-09
-1.2691608662330942, 0.18031309580244773, 4.023996676777838e-09
-1.269160866235576, 0.18031309584127378, 3.933112851841596e-09
-1.2691608662372647, 0.1803130958800108, 3.844992111895962e-09
-1.2691608662380975, 0.18031309591873226, 3.759634456940931e-09
-1.2691608662377067, 0.1803130959577119, 3.676800865783558e-09
-1.269160866234827, 0.1803130959977781, 3.5954659375060413e-09
-1.2691608662294847, 0.18031309603886342, 3.515512551723829e-09
-1.2691608662218619, 0.18031309608079538, 3.436940708436922e-09
-1.2691608662121414, 0.18031309612340132, 3.3597504076453204e-09
-1.2691608662005063, 0.18031309616650879, 3.2839416493490153e-09
-1.2691608661871383, 0.18031309620994526, 3.2095144335480234e-09
-1.2691608661722207, 0.18031309625353822, 3.136468760242337e-09
-1.269160866155935, 0.18031309629711506, 3.064804629431955e-09
-1.269160866138465, 0.18031309634050333, 2.994522041116878e-09
-1.2691608661199925, 0.1803130963835305, 2.9256209952971064e-09
-1.2691608661007001, 0.18031309642602397, 2.8581014919726323e-09
-1.2691608660807703, 0.18031309646781127, 2.7919635311434706e-09
-1.2691608660603857, 0.18031309650871985, 2.727207112809614e-09
-1.269160866039729, 0.1803130965485772, 2.6638322369710626e-09
-1.2691608660189828, 0.18031309658721073, 2.601838903627816e-09
-1.2691608659983293, 0.18031309662444797, 2.541227112779874e-09
-1.2691608659779514, 0.18031309666011644, 2.481996864427231e-09
-1.2691608659580313, 0.1803130966940435, 2.4241481585699e-09
-1.2691608659387519, 0.18031309672605667, 2.3676809952078736e-09
-1.2691608659202953, 0.18031309675598345, 2.3125953743411517e-09
-1.2691608659028444, 0.18031309678365126, 2.258891295969736e-09
-1.2691608658865818, 0.18031309680888757, 2.2065687600936245e-09
-1.2691608658716895, 0.18031309683151986, 2.1556277667128125e-09
-1.2691608658583506, 0.18031309685137567, 2.1060683158273113e-09
-1.2691608658467475, 0.18031309686828237, 2.057890407437115e-09
-1.2691608658370626, 0.18031309688206748, 2.011094041542224e-09
-1.2691608658294784, 0.1803130968925585, 1.9656792181426375e-09
-1.269160865824178, 0.18031309689958283, 1.9216459372383516e-09
-1.2691608658213431, 0.18031309690296798, 1.878994198829376e-09
-1.2691608658206504, 0.1803130969032628, 1.8375963921565748e-09
-1.2691608658201792, 0.18031309690325245, 1.796942472552084e-09
-1.2691608658197235, 0.1803130969032333, 1.7569793241952458e-09
-1.2691608658192834, 0.18031309690320593, 1.71770694708606e-09
-1.269160865818859, 0.1803130969031709, 1.6791253412245225e-09
-1.2691608658184503, 0.18031309690312874, 1.6412345066106417e-09
-1.2691608658180573, 0.18031309690308, 1.6040344432444135e-09
-1.2691608658176796, 0.18031309690302527, 1.5675251511258379e-09
-1.2691608658173184, 0.18031309690296507, 1.5317066302549147e-09
-1.2691608658169728, 0.18031309690289993, 1.496578880631644e-09
-1.2691608658166433, 0.18031309690283046, 1.462141902256022e-09
-1.2691608658163298, 0.18031309690275718, 1.4283956951280563e-09
-1.2691608658160327, 0.18031309690268063, 1.3953402592477433e-09
-1.2691608658157514, 0.1803130969026014, 1.3629755946150826e-09
-1.2691608658154863, 0.18031309690252004, 1.3313017012300745e-09
-1.2691608658152373, 0.18031309690243705, 1.300318579092719e-09
-1.2691608658150049, 0.18031309690235303, 1.2700262282030127e-09
-1.269160865814789, 0.18031309690226852, 1.2404246485609621e-09
-1.2691608658145892, 0.18031309690218408, 1.211513840166564e-09
-1.269160865814406, 0.18031309690210026, 1.1832938030198186e-09
-1.2691608658142395, 0.18031309690201763, 1.1557645371207254e-09
-1.2691608658140898, 0.1803130969019367, 1.128926042469285e-09
-1.2691608658139562, 0.18031309690185807, 1.102778319065494e-09
-1.2691608658138398, 0.18031309690178227, 1.0773213669093588e-09
-1.2691608658137399, 0.18031309690170982, 1.0525551860008758e-09
-1.269160865813657, 0.18031309690164135, 1.0284797763400453e-09
-1.269160865813591, 0.18031309690157735, 1.0050951379268675e-09
-1.269160865813542, 0.1803130969015184, 9.824012707613421e-10
-1.26916086581351, 0.18031309690146502, 9.603981748434668e-10
-1.2691608658134952, 0.1803130969014178, 9.390858501732466e-10
-1.2691608658134952, 0.18031309690137579, 9.183963085002392e-10
-1.2691608658135018, 0.18031309690133368, 8.980761209651254e-10
-1.269160865813514, 0.1803130969012911, 8.781013190538379e-10
-1.2691608658135314, 0.18031309690124822, 8.584719027663811e-10
-1.2691608658135536, 0.18031309690120514, 8.391878721027462e-10
-1.26916086581358, 0.18031309690116198, 8.202492270629417e-10
-1.2691608658136102, 0.18031309690111894, 8.016559676469594e-10
-1.269160865813644, 0.1803130969010761, 7.834080938548035e-10
-1.2691608658136808, 0.18031309690103364, 7.655056056864775e-10
-1.2691608658137201, 0.1803130969009917, 7.479485031419741e-10
-1.2691608658137619, 0.18031309690095038, 7.307367862213008e-10
-1.2691608658138056, 0.18031309690090985, 7.1387045492445e-10
-1.2691608658138502, 0.1803130969008702, 6.973495092514255e-10
-1.2691608658138962, 0.18031309690083164, 6.811739492022309e-10
-1.2691608658139426, 0.18031309690079428, 6.65343774776859e-10
-1.2691608658139892, 0.18031309690075822, 6.498589859753166e-10
-1.2691608658140354, 0.18031309690072364, 6.347195827975973e-10
-1.2691608658140812, 0.1803130969006907, 6.199255652437074e-10
-1.2691608658141256, 0.18031309690065944, 6.054769333136407e-10
-1.2691608658141686, 0.18031309690063013, 5.913736870074003e-10
-1.2691608658142097, 0.18031309690060282, 5.776158263249891e-10
-1.2691608658142486, 0.18031309690057767, 5.642033512664013e-10
-1.2691608658142846, 0.1803130969005548, 5.511362618316425e-10
-1.2691608658143174, 0.18031309690053438, 5.384145580207073e-10
-1.2691608658143467, 0.18031309690051653, 5.260382398335983e-10
-1.269160865814372, 0.18031309690050143, 5.140073072703183e-10
-1.2691608658143927, 0.18031309690048916, 5.02321760330862e-10
-1.269160865814409, 0.18031309690047984, 4.909815990152343e-10
-1.2691608658144196, 0.18031309690047367, 4.799868233234306e-10
-1.2691608658144249, 0.18031309690047082, 4.693374332554553e-10
-1.269160865814425, 0.18031309690047936, 4.5899727685586907e-10
-1.269160865814425, 0.1803130969005262, 4.4884056922187914e-10
-1.269160865814425, 0.1803130969006109, 4.3885655439980445e-10
-1.269160865814425, 0.18031309690073072, 4.290452323896408e-10
-1.269160865814425, 0.18031309690088282, 4.1940660319139236e-10
-1.269160865814425, 0.1803130969010644, 4.09940666805055e-10
-1.269160865814425, 0.1803130969012727, 4.006474232306308e-10
-1.269160865814425, 0.18031309690150485, 3.915268724681217e-10
-1.269160865814425, 0.1803130969017581, 3.8257901451752384e-10
-1.269160865814425, 0.18031309690202965, 3.738038493788409e-10
-1.269160865814425, 0.18031309690231667, 3.6520137705206926e-10
-1.269160865814425, 0.18031309690261638, 3.567715975372108e-10
-1.269160865814425, 0.1803130969029259, 3.485145108342673e-10
-1.269160865814425, 0.18031309690324254, 3.404301169432351e-10
-1.269160865814425, 0.18031309690356345, 3.3251841586411777e-10
-1.269160865814425, 0.18031309690388578, 3.247794075969119e-10
-1.269160865814425, 0.1803130969042068, 3.1721309214162075e-10
-1.269160865814425, 0.18031309690452366, 3.0981946949824117e-10
-1.269160865814425, 0.1803130969048336, 3.025985396667747e-10
-1.269160865814425, 0.18031309690513375, 2.95550302647223e-10
-1.269160865814425, 0.18031309690542138, 2.886747584395828e-10
-1.269160865814425, 0.18031309690569364, 2.8197190704385733e-10
-1.269160865814425, 0.18031309690594774, 2.7544174846004346e-10
-1.269160865814425, 0.1803130969061809, 2.6908428268814276e-10
-1.269160865814425, 0.18031309690639025, 2.6289950972815653e-10
-1.269160865814425, 0.18031309690657307, 2.5688742958008213e-10
-1.269160865814425, 0.1803130969067265, 2.5104804224392214e-10
-1.269160865814425, 0.18031309690684777, 2.4538134771967403e-10
-1.269160865814425, 0.18031309690693406, 2.3988734600734024e-10
-1.269160865814425, 0.18031309690698255, 2.345660371069184e-10
-1.2691608658144278, 0.18031309690699973, 2.293982329281972e-10
-1.2691608658144418, 0.18031309690701425, 2.2432157217798676e-10
-1.2691608658144666, 0.18031309690702826, 2.1933125783373183e-10
-1.2691608658145017, 0.1803130969070418, 2.144272898954345e-10
-1.2691608658145466, 0.18031309690705494, 2.0960966836309272e-10
-1.2691608658145996, 0.18031309690706757, 2.0487839323670752e-10
-1.2691608658146605, 0.18031309690707972, 2.0023346451627987e-10
-1.2691608658147282, 0.18031309690709144, 1.956748822018078e-10
-1.2691608658148021, 0.18031309690710268, 1.9120264629329326e-10
-1.2691608658148812, 0.18031309690711342, 1.8681675679073436e-10
-1.2691608658149647, 0.18031309690712372, 1.8251721369413202e-10
-1.2691608658150517, 0.18031309690713349, 1.7830401700348712e-10
-1.2691608658151416, 0.18031309690714276, 1.7417716671879792e-10
-1.2691608658152336, 0.18031309690715158, 1.7013666284006617e-10
-1.2691608658153264, 0.18031309690715988, 1.6618250536729012e-10
-1.2691608658154194, 0.18031309690716768, 1.6231469430047149e-10
-1.269160865815512, 0.18031309690717504, 1.5853322963960856e-10
-1.2691608658156033, 0.18031309690718184, 1.5483811138470225e-10
-1.269160865815692, 0.18031309690718808, 1.5122933953575324e-10
-1.2691608658157782, 0.1803130969071939, 1.4770691409276007e-10
-1.2691608658158602, 0.18031309690719916, 1.442708350557242e-10
-1.2691608658159375, 0.1803130969072039, 1.4092110242464417e-10
-1.2691608658160094, 0.18031309690720812, 1.376577161995207e-10
-1.2691608658160747, 0.18031309690721178, 1.344806763803545e-10
-1.2691608658161329, 0.18031309690721498, 1.313899829671442e-10
-1.2691608658161833, 0.1803130969072176, 1.283856359598911e-10
-1.2691608658162246, 0.18031309690721967, 1.2546763535859393e-10
-1.269160865816256, 0.1803130969072212, 1.2263598116325394e-10
-1.2691608658162774, 0.18031309690722222, 1.1989067337386993e-10
-1.2691608658162872, 0.18031309690722266, 1.172317119904425e-10
-1.2691608658162863, 0.18031309690722183, 1.1464893031292443e-10
-1.2691608658162785, 0.1803130969072177, 1.1211144647121041e-10
-1.269160865816265, 0.18031309690721026, 1.0961713583247519e-10
-1.2691608658162457, 0.18031309690719985, 1.0716599839671774e-10
-1.269160865816221, 0.18031309690718667, 1.0475803416393857e-10
-1.2691608658161917, 0.1803130969071709, 1.0239324313413822e-10
-1.269160865816158, 0.18031309690715283, 1.0007162530731563e-10
-1.2691608658161202, 0.1803130969071327, 9.779318068347182e-11
-1.2691608658160791, 0.18031309690711073, 9.55579092626058e-11
-1.2691608658160347, 0.18031309690708713, 9.336581104471807e-11
-1.2691608658159876, 0.1803130969070622, 9.121688602980909e-11
-1.2691608658159383, 0.18031309690703612, 8.911113421787794e-11
-1.269160865815887, 0.18031309690700914, 8.70485556089255e-11
-1.2691608658158342, 0.18031309690698152, 8.502915020295092e-11
-1.2691608658157805, 0.18031309690695344, 8.305291799995505e-11
-1.269160865815726, 0.1803130969069252, 8.111985899993705e-11
-1.2691608658156712, 0.18031309690689698, 7.922997320289732e-11
-1.2691608658156168, 0.18031309690686906, 7.738326060883629e-11
-1.2691608658155629, 0.18031309690684166, 7.557972121775315e-11
-1.26916086581551, 0.18031309690681502, 7.381935502964865e-11
-1.2691608658154587, 0.18031309690678934, 7.210216204452207e-11
-1.2691608658154092, 0.18031309690676492, 7.042814226237379e-11
-1.269160865815362, 0.18031309690674194, 6.879729568320415e-11
-1.269160865815317, 0.18031309690672065, 6.720962230701245e-11
-1.2691608658152755, 0.1803130969067013, 6.566512213379935e-11
-1.2691608658152376, 0.18031309690668412, 6.416379516356421e-11
-1.2691608658152032, 0.18031309690666936, 6.270564139630767e-11
-1.2691608658151734, 0.1803130969066572, 6.12906608320291e-11
-1.2691608658151483, 0.18031309690664793, 5.991885347072883e-11
-1.2691608658151285, 0.1803130969066418, 5.859021931240712e-11
-1.2691608658151128, 0.18031309690663813, 5.7299380380221836e-11
-1.2691608658150975, 0.1803130969066347, 5.603106172606096e-11
-1.2691608658150821, 0.18031309690663136, 5.478432967338895e-11
-1.2691608658150673, 0.1803130969066281, 5.35591842222061e-11
-1.2691608658150524, 0.18031309690662495, 5.2355625372512635e-11
-1.269160865815038, 0.18031309690662187, 5.117365312430807e-11
-1.2691608658150237, 0.1803130969066189, 5.001326747759288e-11
-1.2691608658150098, 0.180313096906616, 4.88744684323666e-11
-1.2691608658149962, 0.18031309690661326, 4.7757255988629457e-11
-1.2691608658149829, 0.1803130969066106, 4.6661630146381695e-11
-1.26916086581497, 0.180313096906608, 4.558759090562284e-11
-1.2691608658149576, 0.18031309690660555, 4.453513826635335e-11
-1.2691608658149456, 0.18031309690660322, 4.3504272228572785e-11
-1.269160865814934, 0.18031309690660097, 4.249499279228157e-11
-1.269160865814923, 0.18031309690659886, 4.150729995747929e-11
-1.2691608658149123, 0.18031309690659686, 4.054119372416615e-11
-1.2691608658149023, 0.18031309690659494, 3.959667409234236e-11
-1.2691608658148927, 0.1803130969065932, 3.867374106200751e-11
-1.2691608658148839, 0.18031309690659159, 3.7772394633161996e-11
-1.2691608658148756, 0.18031309690659006, 3.6892634805805435e-11
-1.269160865814868, 0.1803130969065887, 3.6034461579938015e-11
-1.269160865814861, 0.18031309690658745, 3.519787495555991e-11
-1.2691608658148548, 0.18031309690658628, 3.4382874932670775e-11
-1.2691608658148492, 0.18031309690658529, 3.3589461511270956e-11
-1.2691608658148448, 0.18031309690658445, 3.2817634691360116e-11
-1.2691608658148408, 0.18031309690658376, 3.206739447293857e-11
-1.2691608658148374, 0.1803130969065832, 3.133874085600601e-11
-1.269160865814835, 0.18031309690658281, 3.0631673840562597e-11
-1.2691608658148332, 0.1803130969065825, 2.9946193426608465e-11
-1.2691608658148326, 0.1803130969065824, 2.928229961414334e-11
-1.2691608658148394, 0.18031309690658956, 2.8637151951664352e-11
-1.2691608658148694, 0.1803130969066219, 2.8003204257931712e-11
-1.2691608658149227, 0.18031309690667865, 2.7380049864943643e-11
-1.2691608658149973, 0.180313096906758, 2.676768877270028e-11
-1.269160865815091, 0.18031309690685807, 2.6166120981201353e-11
-1.2691608658152027, 0.180313096906977, 2.5575346490447126e-11
-1.2691608658153304, 0.180313096907113, 2.4995365300437344e-11
-1.2691608658154725, 0.18031309690726424, 2.4426177411172254e-11
-1.269160865815627, 0.18031309690742883, 2.3867782822651614e-11
-1.2691608658157925, 0.18031309690760494, 2.3320181534875548e-11
-1.2691608658159674, 0.18031309690779074, 2.278337354784417e-11
-1.2691608658161495, 0.1803130969079844, 2.2257358861557246e-11
-1.2691608658163376, 0.18031309690818403, 2.1742137476015003e-11
-1.2691608658165296, 0.1803130969083879, 2.1237709391217224e-11
-1.2691608658167242, 0.18031309690859404, 2.0744074607164018e-11
-1.2691608658169193, 0.1803130969088007, 2.0261233123855482e-11
-1.2691608658171132, 0.180313096909006, 1.9789184941291417e-11
-1.2691608658173046, 0.18031309690920808, 1.9327930059472024e-11
-1.269160865817491, 0.18031309690940514, 1.8877468478397102e-11
-1.2691608658176716, 0.18031309690959535, 1.8437800198066756e-11
-1.2691608658178444, 0.18031309690977682, 1.800892521848107e-11
-1.2691608658180074, 0.18031309690994773, 1.7590843539639865e-11
-1.269160865818159, 0.18031309691010625, 1.7183555161543316e-11
-1.2691608658182978, 0.18031309691025055, 1.6787060084191254e-11
-1.2691608658184215, 0.18031309691037875, 1.6401358307583846e-11
-1.2691608658185287, 0.18031309691048905, 1.6026449831720927e-11
-1.269160865818618, 0.1803130969105796, 1.5662334656602578e-11
-1.2691608658186873, 0.18031309691064853, 1.530901278222888e-11
-1.269160865818735, 0.18031309691069405, 1.4966484208599677e-11
-1.2691608658187594, 0.18031309691071423, 1.4634748935715113e-11
-1.2691608658187659, 0.1803130969107151, 1.431230893144557e-11
-1.2691608658187714, 0.18031309691071484, 1.3995440901253216e-11
-1.2691608658187763, 0.18031309691071448, 1.3683969521433215e-11
-1.2691608658187814, 0.1803130969107139, 1.3377894791985434e-11
-1.2691608658187863, 0.18031309691071318, 1.3077216712910001e-11
-1.269160865818791, 0.18031309691071234, 1.278193528420679e-11
-1.2691608658187954, 0.1803130969107114, 1.2492050505875929e-11
-1.2691608658187998, 0.18031309691071032, 1.220756237791729e-11
-1.2691608658188036, 0.18031309691070915, 1.1928470900330937e-11
-1.2691608658188078, 0.1803130969107079, 1.1654776073116928e-11
-1.2691608658188114, 0.18031309691070663, 1.1386477896275146e-11
-1.269160865818815, 0.18031309691070524, 1.1123576369805708e-11
-1.269160865818818, 0.18031309691070382, 1.0866071493708497e-11
-1.2691608658188214, 0.1803130969107024, 1.0613963267983575e-11
-1.269160865818824, 0.18031309691070097, 1.0367251692630991e-11
-1.269160865818827, 0.1803130969106995, 1.0125936767650639e-11
-1.2691608658188296, 0.18031309691069805, 9.890018493042623e-12
-1.269160865818832, 0.1803130969106966, 9.659496868806842e-12
-1.2691608658188345, 0.18031309691069525, 9.434371894943348e-12
-1.2691608658188365, 0.1803130969106939, 9.214643571452188e-12
-1.2691608658188385, 0.1803130969106926, 9.000311898333265e-12
-1.2691608658188402, 0.18031309691069142, 8.791376875586675e-12
-1.2691608658188416, 0.1803130969106903, 8.587838503212324e-12
-1.2691608658188434, 0.18031309691068928, 8.3896967812103e-12
-1.2691608658188447, 0.1803130969106884, 8.196951709580522e-12
-1.2691608658188456, 0.18031309691068761, 8.009603288323028e-12
-1.2691608658188467, 0.18031309691068698, 7.827651517437861e-12
-1.2691608658188478, 0.1803130969106865, 7.65109639692494e-12
-1.2691608658188482, 0.18031309691068617, 7.47993792678434e-12
-1.269160865818849, 0.18031309691068603, 7.314176107015991e-12
-1.2691608658188493, 0.18031309691068606, 7.153021980947855e-12
-1.2691608658188498, 0.18031309691068612, 6.994640874188694e-12
-1.2691608658188502, 0.18031309691068623, 6.8389580926156434e-12
-1.2691608658188507, 0.1803130969106864, 6.685973636228768e-12
-1.269160865818851, 0.18031309691068662, 6.535687505028003e-12
-1.2691608658188513, 0.1803130969106869, 6.388099699013413e-12
-1.2691608658188518, 0.1803130969106872, 6.243210218184933e-12
-1.269160865818852, 0.18031309691068756, 6.1010190625425974e-12
-1.2691608658188525, 0.18031309691068798, 5.961526232086435e-12
-1.269160865818853, 0.18031309691068845, 5.8247317268163846e-12
-1.2691608658188531, 0.18031309691068897, 5.690635546732505e-12
-1.2691608658188533, 0.18031309691068953, 5.55923769183474e-12
-1.2691608658188538, 0.1803130969106901, 5.430538162123119e-12
-1.269160865818854, 0.18031309691069078, 5.3045369575976674e-12
-1.269160865818854, 0.18031309691069147, 5.181234078258332e-12
-1.2691608658188545, 0.18031309691069225, 5.060629524105166e-12
-1.2691608658188547, 0.18031309691069303, 4.9427232951381155e-12
-1.269160865818855, 0.1803130969106939, 4.827515391357209e-12
-1.2691608658188551, 0.18031309691069478, 4.715005812762469e-12
-1.2691608658188553, 0.18031309691069572, 4.605194559353848e-12
-1.2691608658188553, 0.1803130969106967, 4.498081631131393e-12
-1.2691608658188556, 0.18031309691069772, 4.393667028095058e-12
-1.2691608658188558, 0.1803130969106988, 4.291950750244888e-12
-1.2691608658188558, 0.18031309691069994, 4.192932797580839e-12
-1.2691608658188558, 0.18031309691070108, 4.096613170102932e-12
-1.269160865818856, 0.1803130969107023, 4.002991867811189e-12
-1.269160865818856, 0.18031309691070352, 3.912068890705568e-12
-1.269160865818856, 0.18031309691070482, 3.82384423878611e-12
-1.269160865818856, 0.18031309691070618, 3.738317912052776e-12
-1.2691608658188562, 0.18031309691070754, 3.655489910505584e-12
-1.2691608658188558, 0.18031309691070996, 3.5749452667956648e-12
-1.2691608658188545, 0.1803130969107155, 3.49578116758456e-12
-1.269160865818852, 0.18031309691072395, 3.4179662309665423e-12
-1.2691608658188487, 0.18031309691073524, 3.34150045694158e-12
-1.2691608658188442, 0.18031309691074915, 3.2663838455097052e-12
-1.2691608658188391, 0.18031309691076547, 3.1926163966708857e-12
-1.2691608658188334, 0.18031309691078398, 3.120198110425138e-12
-1.2691608658188265, 0.18031309691080452, 3.0491289867724767e-12
-1.2691608658188194, 0.18031309691082692, 2.9794090257128717e-12
-1.2691608658188114, 0.18031309691085096, 2.9110382272463526e-12
-1.2691608658188032, 0.18031309691087646, 2.8440165913728906e-12
-1.2691608658187943, 0.18031309691090325, 2.7783441180925e-12
-1.2691608658187852, 0.1803130969109311, 2.7140208074051945e-12
-1.2691608658187754, 0.1803130969109598, 2.6510466593109467e-12
-1.2691608658187656, 0.18031309691098926, 2.589421673809784e-12
-1.2691608658187556, 0.1803130969110192, 2.529145850901679e-12
-1.2691608658187454, 0.1803130969110495, 2.4702191905866583e-12
-1.269160865818735, 0.18031309691107988, 2.4126416928646967e-12
-1.2691608658187248, 0.18031309691111017, 2.3564133577358064e-12
-1.2691608658187143, 0.18031309691114025, 2.301534185199999e-12
-1.2691608658187044, 0.18031309691116987, 2.2480041752572517e-12
-1.2691608658186944, 0.18031309691119887, 2.195823327907587e-12
-1.2691608658186848, 0.18031309691122704, 2.1449916431509824e-12
-1.269160865818675, 0.18031309691125416, 2.0955091209874496e-12
-1.2691608658186662, 0.1803130969112801, 2.047375761416998e-12
-1.2691608658186575, 0.18031309691130468, 2.0005915644396082e-12
-1.2691608658186493, 0.18031309691132763, 1.955156530055299e-12
-1.2691608658186417, 0.1803130969113488, 1.911070658264052e-12
-1.2691608658186346, 0.180313096911368, 1.8683339490658762e-12
-1.2691608658186282, 0.18031309691138506, 1.826946402460781e-12
-1.2691608658186224, 0.18031309691140063, 1.7866900309132857e-12
-1.2691608658186164, 0.18031309691141642, 1.7471212083919874e-12
-1.2691608658186102, 0.18031309691143238, 1.7082269671672163e-12
-1.2691608658186042, 0.18031309691144845, 1.670007307238989e-12
-1.2691608658185982, 0.18031309691146463, 1.6324622286072894e-12
-1.2691608658185918, 0.1803130969114808, 1.5955917312721257e-12
-1.2691608658185858, 0.180313096911497, 1.559395815233505e-12
-1.2691608658185796, 0.18031309691151307, 1.5238744804914126e-12
-1.2691608658185731, 0.18031309691152902, 1.4890277270458635e-12
-1.2691608658185671, 0.1803130969115448, 1.4548555548968424e-12
-1.2691608658185611, 0.18031309691156033, 1.4213579640443573e-12
-1.2691608658185551, 0.18031309691157554, 1.3885349544884149e-12
-1.2691608658185491, 0.18031309691159045, 1.356386526229001e-12
-1.2691608658185436, 0.18031309691160496, 1.3249126792661297e-12
-1.2691608658185378, 0.18031309691161898, 1.2941134135997873e-12
-1.2691608658185325, 0.18031309691163255, 1.2639887292299872e-12
-1.2691608658185274, 0.18031309691164552, 1.2345386261567163e-12
-1.2691608658185223, 0.1803130969116579, 1.2057631043799812e-12
-1.2691608658185174, 0.18031309691166958, 1.177662163899788e-12
-1.2691608658185132, 0.18031309691168054, 1.1502358047161244e-12
-1.2691608658185087, 0.18031309691169076, 1.123484026829002e-12
-1.2691608658185047, 0.18031309691170017, 1.0974068302384097e-12
-1.2691608658185012, 0.1803130969117087, 1.0720042149443533e-12
-1.2691608658184976, 0.18031309691171624, 1.047276180946838e-12
-1.2691608658184945, 0.18031309691172284, 1.023222728245853e-12
-1.269160865818492, 0.18031309691172837, 9.998438568414088e-13
-1.2691608658184896, 0.18031309691173286, 9.771395667334954e-13
-1.2691608658184879, 0.18031309691173616, 9.551098579221176e-13
-1.2691608658184865, 0.1803130969117383, 9.337547304072801e-13
-1.2691608658184852, 0.18031309691173916, 9.130741841889738e-13
-1.2691608658184845, 0.1803130969117392, 8.929538438916704e-13
-1.2691608658184839, 0.18031309691173913, 8.731760461731398e-13
-1.2691608658184832, 0.18031309691173905, 8.537355391028814e-13
-1.2691608658184828, 0.18031309691173897, 8.346323226808865e-13
-1.2691608658184819, 0.18031309691173883, 8.158663969071597e-13
-1.2691608658184812, 0.1803130969117387, 7.974377617817046e-13
-1.2691608658184808, 0.1803130969117385, 7.793464173045135e-13
-1.26916086581848, 0.1803130969117383, 7.615923634755938e-13
-1.2691608658184794, 0.18031309691173808, 7.441756002949383e-13
-1.269160865818479, 0.18031309691173789, 7.270961277625508e-13
-1.2691608658184785, 0.18031309691173764, 7.103539458784346e-13
-1.2691608658184779, 0.18031309691173739, 6.939490546425828e-13
-1.2691608658184776, 0.18031309691173714, 6.778814540550023e-13
-1.2691608658184772, 0.1803130969117369, 6.621511441156861e-13
-1.2691608658184768, 0.1803130969117366, 6.467581248246411e-13
-1.269160865818476, 0.18031309691173636, 6.317023961818607e-13
-1.2691608658184759, 0.18031309691173605, 6.169839581873482e-13
-1.2691608658184756, 0.18031309691173583, 6.026028108411066e-13
-1.2691608658184752, 0.18031309691173555, 5.885589541431299e-13
-1.2691608658184748, 0.1803130969117353, 5.748523880934239e-13
-1.2691608658184748, 0.18031309691173505, 5.614831126919829e-13
-1.2691608658184743, 0.18031309691173486, 5.484511279388097e-13
-1.269160865818474, 0.18031309691173464, 5.35756433833907e-13
-1.2691608658184739, 0.18031309691173444, 5.233990303772695e-13
-1.2691608658184739, 0.18031309691173425, 5.113789175689026e-13
-1.2691608658184736, 0.18031309691173408, 4.996960954088008e-13
-1.2691608658184734, 0.18031309691173397, 4.88350563896967e-13
-1.2691608658184734, 0.18031309691173383, 4.773423230334034e-13
-1.2691608658184734, 0.18031309691173378, 4.666713728181053e-13
-1.2691608658184734, 0.18031309691173372, 4.563377132510772e-13
-1.2691608658184734, 0.1803130969117337, 4.4628140100199506e-13
-1.2691608658184734, 0.18031309691173367, 4.363958089137934e-13
-1.2691608658184734, 0.18031309691173364, 4.266788621497235e-13
-1.2691608658184734, 0.1803130969117336, 4.1713056070978757e-13
-1.2691608658184734, 0.18031309691173358, 4.0775090459398757e-13
-1.2691608658184734, 0.18031309691173356, 3.985398938023195e-13
-1.2691608658184736, 0.18031309691173356, 3.8949752833478726e-13
-1.2691608658184736, 0.18031309691173353, 3.8062380819138707e-13
-1.2691608658184736, 0.1803130969117335, 3.7191873337212077e-13
-1.2691608658184736, 0.18031309691173347, 3.6338230387699026e-13
-1.2691608658184739, 0.18031309691173344, 3.5501451970599183e-13
-1.2691608658184739, 0.18031309691173344, 3.4681538085912913e-13
-1.2691608658184736, 0.18031309691173342, 3.3878488733639857e-13
-1.2691608658184739, 0.1803130969117334, 3.309230391378037e-13
-1.2691608658184739, 0.1803130969117334, 3.23229836263341e-13
-1.2691608658184739, 0.18031309691173336, 3.1570527871301225e-13
-1.269160865818474, 0.18031309691173336, 3.08349366486819e-13
-1.2691608658184739, 0.18031309691173336, 3.011620995847581e-13
-1.269160865818474, 0.18031309691173333, 2.9414347800683266e-13
-1.269160865818474, 0.18031309691173333, 2.8729350175303965e-13
-1.269160865818474, 0.1803130969117333, 2.8061217082338055e-13
-1.269160865818474, 0.1803130969117333, 2.740994852178568e-13
-1.269160865818474, 0.18031309691173328, 2.6775544493646564e-13
-1.2691608658184743, 0.18031309691173328, 2.6158004997920963e-13
-1.269160865818474, 0.18031309691173328, 2.555733003460863e-13
-1.2691608658184743, 0.18031309691173328, 2.497351960370969e-13
-1.2691608658184743, 0.1803130969117333, 2.4406573705224265e-13
-1.2691608658184743, 0.1803130969117333, 2.385649233915211e-13
-1.2691608658184743, 0.18031309691173328, 2.332327550549347e-13
-1.2691608658184743, 0.18031309691173328, 2.28069232042481e-13
-1.2691608658184743, 0.18031309691173328, 2.2304297244840267e-13
-1.2691608658184743, 0.1803130969117333, 2.1810182978983149e-13
-1.2691608658184743, 0.18031309691173333, 2.1324500979332728e-13
-1.269160865818474, 0.18031309691173336, 2.0847251245889104e-13
-1.269160865818474, 0.18031309691173342, 2.0378433778652076e-13
-1.2691608658184739, 0.18031309691173344, 1.9918048577621845e-13
-1.2691608658184739, 0.1803130969117335, 1.946609564279821e-13
-1.2691608658184736, 0.18031309691173356, 1.9022574974181273e-13
-1.2691608658184736, 0.1803130969117336, 1.8587486571771125e-13
-1.2691608658184734, 0.1803130969117337, 1.816083043556758e-13
-1.2691608658184732, 0.18031309691173378, 1.774260656557082e-13
-1.2691608658184732, 0.18031309691173386, 1.7332814961780668e-13
-1.2691608658184728, 0.18031309691173394, 1.69314556241973e-13
-1.2691608658184728, 0.18031309691173403, 1.653852855282054e-13
-1.2691608658184725, 0.1803130969117341, 1.615403374765048e-13
-1.2691608658184723, 0.1803130969117342, 1.5777971208687197e-13
-1.269160865818472, 0.1803130969117343, 1.541034093593053e-13
-1.2691608658184719, 0.1803130969117344, 1.5051142929380633e-13
-1.2691608658184719, 0.18031309691173447, 1.4700377189037356e-13
-1.2691608658184717, 0.18031309691173458, 1.435804371490078e-13
-1.2691608658184712, 0.1803130969117347, 1.4024142506970971e-13
-1.269160865818471, 0.18031309691173478, 1.3698673565247785e-13
-1.269160865818471, 0.18031309691173483, 1.3381636889731368e-13
-1.2691608658184705, 0.18031309691173492, 1.3073032480421575e-13
-1.2691608658184705, 0.18031309691173503, 1.277286033731848e-13
-1.2691608658184703, 0.18031309691173508, 1.2481120460422145e-13
-1.2691608658184703, 0.18031309691173517, 1.2197812849732443e-13
-1.26916086581847, 0.18031309691173522, 1.1922937505249498e-13
-1.26916086581847, 0.18031309691173528, 1.165649442697319e-13
-1.2691608658184699, 0.1803130969117353, 1.1398483614903635e-13
-1.2691608658184699, 0.18031309691173536, 1.1147263840756544e-13
-1.2691608658184697, 0.18031309691173542, 1.0900289377104521e-13
-1.2691608658184697, 0.18031309691173547, 1.0657531046555898e-13
-1.2691608658184694, 0.1803130969117355, 1.0418988849110573e-13
-1.2691608658184694, 0.18031309691173555, 1.0184662784768645e-13
-1.2691608658184692, 0.1803130969117356, 9.954552853530015e-14
-1.2691608658184692, 0.18031309691173567, 9.728659055394734e-14
-1.269160865818469, 0.18031309691173572, 9.506981390362849e-14
-1.269160865818469, 0.18031309691173575, 9.289519858434265e-14
-1.269160865818469, 0.18031309691173578, 9.076274459609075e-14
-1.2691608658184688, 0.18031309691173586, 8.867245193887187e-14
-1.2691608658184688, 0.1803130969117359, 8.66243206126869e-14
-1.2691608658184685, 0.18031309691173592, 8.461835061753499e-14
-1.2691608658184688, 0.180313096911736, 8.265454195341656e-14
-1.2691608658184685, 0.180313096911736, 8.073289462033203e-14
-1.2691608658184685, 0.18031309691173603, 7.885340861828057e-14
-1.2691608658184683, 0.1803130969117361, 7.701608394726299e-14
-1.2691608658184683, 0.1803130969117361, 7.52209206072785e-14
-1.2691608658184683, 0.18031309691173616, 7.346791859832749e-14
-1.269160865818468, 0.1803130969117362, 7.175707792041032e-14
-1.269160865818468, 0.18031309691173622, 7.008839857352627e-14
-1.2691608658184679, 0.18031309691173625, 6.846188055767606e-14
-1.2691608658184679, 0.18031309691173628, 6.687752387285899e-14
-1.2691608658184679, 0.1803130969117363, 6.533532851907572e-14
-1.269160865818468, 0.1803130969117363, 6.383529449632561e-14
-1.2691608658184679, 0.18031309691173633, 6.237742180460898e-14
-1.2691608658184679, 0.18031309691173633, 6.096171044392614e-14
-1.2691608658184679, 0.18031309691173636, 5.958816041427648e-14
-1.2691608658184677, 0.18031309691173636, 5.825677171566059e-14
-1.2691608658184677, 0.18031309691173636, 5.696754434807789e-14
-1.2691608658184677, 0.18031309691173636, 5.5711903400295805e-14
-1.2691608658184677, 0.18031309691173636, 5.4477444428418636e-14
-1.2691608658184674, 0.18031309691173636, 5.326406612205795e-14
-1.2691608658184674, 0.18031309691173636, 5.207176848121424e-14
-1.2691608658184674, 0.18031309691173636, 5.0900551505887037e-14
-1.2691608658184674, 0.18031309691173636, 4.975041519607658e-14
-1.2691608658184674, 0.18031309691173636, 4.862135955178309e-14
-1.2691608658184672, 0.18031309691173636, 4.751338457300611e-14
-1.2691608658184672, 0.18031309691173636, 4.64264902597461e-14
-1.2691608658184672, 0.18031309691173636, 4.53606766120026e-14
-1.2691608658184672, 0.18031309691173636, 4.431594362977607e-14
-1.2691608658184672, 0.18031309691173636, 4.3292291313066053e-14
-1.2691608658184672, 0.18031309691173636, 4.228971966187278e-14
-1.269160865818467, 0.18031309691173636, 4.1308228676196453e-14
-1.269160865818467, 0.18031309691173633, 4.034781835603666e-14
-1.269160865818467, 0.18031309691173633, 3.9408488701393813e-14
-1.269160865818467, 0.18031309691173633, 3.8490239712267506e-14
-1.269160865818467, 0.18031309691173633, 3.7593071388657944e-14
-1.269160865818467, 0.18031309691173633, 3.671698373056531e-14
-1.269160865818467, 0.18031309691173633, 3.5861976737989224e-14
-1.269160865818467, 0.18031309691173633, 3.502805041093006e-14
-1.269160865818467, 0.18031309691173633, 3.421520474938746e-14
-1.269160865818467, 0.18031309691173633, 3.342343975336177e-14
-1.2691608658184668, 0.18031309691173633, 3.265275542285265e-14
-1.2691608658184668, 0.18031309691173633, 3.1903151757860283e-14
-1.2691608658184668, 0.1803130969117363, 3.1174628758384805e-14
-1.269160865818467, 0.1803130969117363, 3.0467186424425914e-14
-1.269160865818467, 0.1803130969117363, 2.9780824755983906e-14
-1.2691608658184665, 0.1803130969117363, 2.91155437530585e-14
-1.2691608658184665, 0.1803130969117363, 2.8471343415649835e-14
-1.2691608658184668, 0.1803130969117363, 2.7843747850820094e-14
-1.2691608658184668, 0.18031309691173628, 2.7226725038072716e-14
-1.2691608658184668, 0.18031309691173628, 2.6620242558083843e-14
-1.269160865818467, 0.1803130969117362, 2.6024300410853206e-14
-1.269160865818467, 0.18031309691173616, 2.5438898596380946e-14
-1.2691608658184672, 0.18031309691173614, 2.4864037114667177e-14
-1.2691608658184672, 0.18031309691173608, 2.4299715965711655e-14
-1.2691608658184672, 0.18031309691173603, 2.374593514951462e-14
-1.2691608658184674, 0.18031309691173597, 2.320269466607584e-14
-1.2691608658184677, 0.18031309691173592, 2.2669994515395546e-14
-1.2691608658184679, 0.18031309691173583, 2.2147834697473506e-14
-1.2691608658184679, 0.18031309691173575, 2.163621521230984e-14
-1.269160865818468, 0.18031309691173567, 2.1135136059904652e-14
-1.269160865818468, 0.1803130969117356, 2.0644597240257727e-14
-1.2691608658184683, 0.18031309691173553, 2.0164598753369272e-14
-1.2691608658184685, 0.18031309691173547, 1.9695140599239088e-14
-1.2691608658184685, 0.1803130969117354, 1.9236222777867274e-14
-1.2691608658184688, 0.18031309691173533, 1.878784528925393e-14
-1.269160865818469, 0.18031309691173525, 1.8350008133398857e-14
-1.2691608658184692, 0.18031309691173517, 1.792271131030225e-14
-1.269160865818469, 0.18031309691173508, 1.750595481996392e-14
-1.2691608658184692, 0.18031309691173503, 1.7099738662384046e-14
-1.2691608658184694, 0.18031309691173497, 1.6704062837562456e-14
-1.2691608658184697, 0.18031309691173494, 1.631892734549924e-14
-1.2691608658184697, 0.1803130969117349, 1.5944332186194476e-14
-1.2691608658184697, 0.18031309691173486, 1.5580277359648e-14
-1.2691608658184699, 0.18031309691173483, 1.522676286585997e-14
-1.2691608658184697, 0.1803130969117348, 1.4883788704830238e-14
-1.2691608658184699, 0.18031309691173478, 1.4551354876558873e-14
-1.2691608658184699, 0.18031309691173478, 1.4229461381045946e-14
-1.2691608658184699, 0.18031309691173478, 1.3915774026953834e-14
-1.2691608658184699, 0.18031309691173478, 1.3607365957175882e-14
-1.2691608658184699, 0.18031309691173478, 1.330422805377705e-14
-1.2691608658184699, 0.1803130969117348, 1.3006360316757403e-14
-1.2691608658184699, 0.1803130969117348, 1.2713762746117005e-14
-1.2691608658184699, 0.18031309691173483, 1.2426435341855729e-14
-1.2691608658184699, 0.18031309691173483, 1.2144378103973699e-14
-1.2691608658184699, 0.18031309691173486, 1.1867591032470795e-14
-1.2691608658184699, 0.18031309691173483, 1.1596074127347131e-14
-1.2691608658184699, 0.18031309691173486, 1.1329827388602596e-14
-1.2691608658184699, 0.1803130969117349, 1.1068850816237248e-14
-1.2691608658184699, 0.1803130969117349, 1.081314441025114e-14
-1.2691608658184699, 0.18031309691173492, 1.0562708170644163e-14
-1.2691608658184699, 0.18031309691173492, 1.0317542097416422e-14
-1.2691608658184699, 0.18031309691173497, 1.0077646190567815e-14
-1.2691608658184699, 0.18031309691173497, 9.843020450098394e-15
-1.2691608658184699, 0.18031309691173497, 9.613664876008205e-15
-1.2691608658184697, 0.180313096911735, 9.389579468297155e-15
-1.2691608658184697, 0.18031309691173503, 9.170764226965337e-15
-1.2691608658184697, 0.18031309691173503, 8.957219152012657e-15
-1.2691608658184697, 0.18031309691173505, 8.748944243439206e-15
-1.2691608658184697, 0.18031309691173508, 8.545939501244898e-15
-1.2691608658184697, 0.18031309691173508, 8.348204925429774e-15
-1.2691608658184697, 0.1803130969117351, 8.155740515993876e-15
-1.2691608658184697, 0.1803130969117351, 7.968546272937123e-15
-1.2691608658184697, 0.1803130969117351, 7.786622196259594e-15
-1.2691608658184697, 0.1803130969117351, 7.609968285961212e-15
-1.2691608658184697, 0.18031309691173514, 7.438584542042016e-15
-1.2691608658184697, 0.18031309691173514, 7.27247096450204e-15
-1.2691608658184697, 0.18031309691173514, 7.111627553341215e-15
-1.2691608658184697, 0.18031309691173514, 6.954838077352723e-15
-1.2691608658184697, 0.18031309691173514, 6.800685710761549e-15
-1.2691608658184697, 0.18031309691173514, 6.649168427360001e-15
-1.2691608658184697, 0.18031309691173514, 6.500286227148012e-15
-1.2691608658184697, 0.18031309691173514, 6.354039110125617e-15
-1.2691608658184697, 0.18031309691173514, 6.210427076292844e-15
-1.2691608658184697, 0.18031309691173514, 6.069450125649635e-15
-1.2691608658184694, 0.18031309691173514, 5.931108258196047e-15
-1.2691608658184694, 0.18031309691173514, 5.795401473932022e-15
-1.2691608658184692, 0.18031309691173514, 5.66232977285759e-15
-1.2691608658184692, 0.18031309691173514, 5.531893154972778e-15
-1.2691608658184692, 0.18031309691173514, 5.404091620277532e-15
-1.2691608658184692, 0.18031309691173514, 5.278925168771905e-15
-1.2691608658184692, 0.18031309691173514, 5.1563938004558435e-15
-1.2691608658184692, 0.18031309691173514, 5.036497515329376e-15
-1.2691608658184692, 0.18031309691173514, 4.919236313392525e-15
-1.269160865818469, 0.18031309691173514, 4.804610194645243e-15
-1.269160865818469, 0.18031309691173514, 4.692619159087575e-15
-1.269160865818469, 0.18031309691173514, 4.583263206719478e-15
-1.269160865818469, 0.18031309691173514, 4.4765423375409955e-15
-1.269160865818469, 0.18031309691173514, 4.372456551552084e-15
-1.269160865818469, 0.18031309691173514, 4.271005848752764e-15
-1.269160865818469, 0.18031309691173514, 4.1721902291430584e-15
-1.2691608658184688, 0.18031309691173514, 4.076009692722925e-15
-1.269160865818469, 0.18031309691173514, 3.982464239492403e-15
-1.2691608658184688, 0.18031309691173514, 3.8915538694514545e-15
-1.269160865818469, 0.18031309691173514, 3.803278582600098e-15
-1.2691608658184688, 0.18031309691173514, 3.717638378938354e-15
-1.2691608658184688, 0.18031309691173514, 3.634633258466184e-15
-1.2691608658184685, 0.18031309691173514, 3.554263221183623e-15
-1.2691608658184688, 0.18031309691173514, 3.4755888352112293e-15
-1.2691608658184688, 0.18031309691173514, 3.3976382276455926e-15
-1.2691608658184688, 0.18031309691173514, 3.3204769386547165e-15
-1.2691608658184688, 0.18031309691173514, 3.244170888403431e-15
-1.2691608658184688, 0.18031309691173517, 3.168785997056569e-15
-1.2691608658184688, 0.18031309691173517, 3.0943881847789116e-15
-1.2691608658184688, 0.18031309691173517, 3.021043371735306e-15
-1.2691608658184688, 0.18031309691173517, 2.9488174780905355e-15
-1.2691608658184688, 0.1803130969117352, 2.8777764240094308e-15
-1.2691608658184688, 0.1803130969117352, 2.807986129656822e-15
-1.2691608658184688, 0.18031309691173522, 2.7395125151974935e-15
-1.2691608658184688, 0.18031309691173522, 2.6724215007962895e-15
-1.2691608658184688, 0.18031309691173522, 2.6067790066179966e-15
-1.2691608658184688, 0.18031309691173522, 2.5426509528274438e-15
-1.2691608658184688, 0.18031309691173525, 2.4801032595894594e-15
-1.2691608658184688, 0.18031309691173528, 2.4192018470688315e-15
-1.2691608658184688, 0.18031309691173528, 2.3600126354304007e-15
-1.2691608658184688, 0.1803130969117353, 2.302601544838957e-15
-1.2691608658184688, 0.1803130969117353, 2.247034495459339e-15
-1.2691608658184688, 0.18031309691173533, 2.1933774074563387e-15
-1.2691608658184688, 0.18031309691173536, 2.1416962009947828e-15
-1.2691608658184688, 0.18031309691173533, 2.0920567962394962e-15
-1.2691608658184688, 0.18031309691173536, 2.044525113355273e-15
-1.2691608658184688, 0.1803130969117354, 1.999167072506948e-15
-1.2691608658184688, 0.18031309691173542, 1.9560485938593168e-15
-1.2691608658184688, 0.18031309691173544, 1.915235597577204e-15
-1.2691608658184688, 0.18031309691173544, 1.8767940038254326e-15
-1.2691608658184688, 0.18031309691173547, 1.8407897327688017e-15
-1.2691608658184688, 0.18031309691173547, 1.8072887045721404e-15
-1.2691608658184688, 0.18031309691173553, 1.77635683940025e-15
